Date	Open	High	Low	Close	Adj Close	Volume
2009-01-02	2.4	2.4	2.4	2.4	2.4	300
2009-01-05	2.4	2.4	2.4	2.4	2.4	0
2009-01-06	2.4	2.4	2.4	2.4	2.4	0
2009-01-07	2.4	2.4	2.4	2.4	2.4	0
2009-01-08	2.4	2.4	2.4	2.4	2.4	0
2009-01-09	2.4	2.4	2.4	2.4	2.4	0
2009-01-12	2.4	2.4	2.4	2.4	2.4	0
2009-01-13	2.4	2.4	2.4	2.4	2.4	300
2009-01-14	2.4	2.4	2.4	2.4	2.4	0
2009-01-15	2.15	2.15	1.75	1.75	1.75	153600
2009-01-16	2.0	2.0	1.75	1.75	1.75	2100
2009-01-20	1.75	1.75	1.75	1.75	1.75	0
2009-01-21	1.75	1.75	1.75	1.75	1.75	0
2009-01-22	1.75	1.75	1.75	1.75	1.75	0
2009-01-23	2.0	2.0	2.0	2.0	2.0	1000
2009-01-26	1.9	1.9	1.9	1.9	1.9	2000
2009-01-27	1.75	2.0	1.75	2.0	2.0	600
2009-01-28	1.9	2.0	1.9	2.0	2.0	1500
2009-01-29	2.0	2.0	2.0	2.0	2.0	0
2009-01-30	2.0	2.0	2.0	2.0	2.0	0
2009-02-02	1.85	1.85	1.85	1.85	1.85	500
2009-02-03	1.85	1.85	1.85	1.85	1.85	0
2009-02-04	1.85	1.85	1.85	1.85	1.85	700
2009-02-05	1.85	1.85	1.85	1.85	1.85	0
2009-02-06	1.95	1.95	1.5	1.52	1.52	595000
2009-02-09	1.9	1.9	1.86	1.86	1.86	1000
2009-02-10	1.92	1.92	1.92	1.92	1.92	2500
2009-02-11	1.92	1.92	1.92	1.92	1.92	0
2009-02-12	1.92	1.92	1.92	1.92	1.92	0
2009-02-13	1.82	1.82	1.82	1.82	1.82	1000
2009-02-17	1.82	1.82	1.82	1.82	1.82	0
2009-02-18	1.82	1.82	1.82	1.82	1.82	0
2009-02-19	1.82	1.82	1.82	1.82	1.82	0
2009-02-20	2.38	2.38	2.38	2.38	2.38	300
2009-02-23	2.18	2.18	2.18	2.18	2.18	1100
2009-02-24	2.18	2.18	2.18	2.18	2.18	0
2009-02-25	2.18	2.18	2.18	2.18	2.18	0
2009-02-26	2.1	2.1	2.1	2.1	2.1	1000
2009-02-27	2.68	2.68	1.9	1.9	1.9	1100
2009-03-02	1.9	1.9	1.9	1.9	1.9	0
2009-03-03	1.9	1.9	1.9	1.9	1.9	0
2009-03-04	1.9	1.9	1.9	1.9	1.9	0
2009-03-05	1.92	1.92	1.92	1.92	1.92	1000
2009-03-06	1.78	1.78	1.78	1.78	1.78	1000
2009-03-09	2.5	2.5	2.5	2.5	2.5	100
2009-03-10	2.5	2.5	2.5	2.5	2.5	0
2009-03-11	2.0	2.48	2.0	2.48	2.48	3800
2009-03-12	2.25	2.25	2.24	2.25	2.25	1500
2009-03-13	2.48	2.48	2.48	2.48	2.48	500
2009-03-16	2.08	2.25	2.08	2.25	2.25	500
2009-03-17	2.25	2.25	2.25	2.25	2.25	0
2009-03-18	2.25	2.25	2.25	2.25	2.25	0
2009-03-19	2.25	2.25	2.25	2.25	2.25	0
2009-03-20	2.25	2.25	2.25	2.25	2.25	0
2009-03-23	2.25	2.78	2.14	2.35	2.35	1300
2009-03-24	2.35	2.35	2.35	2.35	2.35	0
2009-03-25	2.08	2.08	1.75	1.75	1.75	59500
2009-03-26	2.78	2.78	2.01	2.48	2.48	5100
2009-03-27	2.48	2.48	2.48	2.48	2.48	0
2009-03-30	2.48	2.48	2.48	2.48	2.48	200
2009-03-31	2.48	2.48	2.48	2.48	2.48	0
2009-04-01	2.48	2.48	2.48	2.48	2.48	0
2009-04-02	2.45	2.48	2.45	2.48	2.48	1200
2009-04-03	2.48	2.48	2.48	2.48	2.48	0
2009-04-06	2.48	2.48	2.48	2.48	2.48	0
2009-04-07	2.48	2.48	2.48	2.48	2.48	0
2009-04-08	2.33	2.77	2.33	2.77	2.77	600
2009-04-09	2.77	2.77	2.77	2.77	2.77	100
2009-04-13	2.56	2.56	2.56	2.56	2.56	1200
2009-04-14	2.29	2.78	1.75	2.08	2.08	17400
2009-04-15	2.58	2.58	2.58	2.58	2.58	500
2009-04-16	2.58	2.58	2.58	2.58	2.58	1200
2009-04-17	2.58	2.58	2.58	2.58	2.58	0
2009-04-20	2.58	2.58	2.58	2.58	2.58	0
2009-04-21	2.58	2.58	2.58	2.58	2.58	0
2009-04-22	2.58	2.58	2.58	2.58	2.58	200
2009-04-23	2.58	2.58	2.58	2.58	2.58	0
2009-04-24	2.58	2.58	2.58	2.58	2.58	0
2009-04-27	2.58	2.58	2.58	2.58	2.58	0
2009-04-28	2.58	2.58	2.58	2.58	2.58	0
2009-04-29	2.58	2.58	2.58	2.58	2.58	0
2009-04-30	2.65	3.18	2.65	3.18	3.18	1800
2009-05-01	3.42	3.42	3.25	3.25	3.25	1600
2009-05-04	3.25	3.25	2.88	2.88	2.88	300
2009-05-05	3.25	3.25	3.2	3.2	3.2	2600
2009-05-06	3.2	3.2	3.2	3.2	3.2	0
2009-05-07	3.2	3.2	3.2	3.2	3.2	1000
2009-05-08	3.2	3.2	3.2	3.2	3.2	2000
2009-05-11	3.2	3.2	3.2	3.2	3.2	1000
2009-05-12	3.2	3.2	3.0	3.2	3.2	400
2009-05-13	3.0	3.0	3.0	3.0	3.0	500
2009-05-14	3.0	3.0	3.0	3.0	3.0	0
2009-05-15	3.0	3.0	3.0	3.0	3.0	0
2009-05-18	3.2	3.2	3.2	3.2	3.2	10100
2009-05-19	3.2	3.2	3.2	3.2	3.2	300
2009-05-20	3.0	3.1	3.0	3.1	3.1	2500
2009-05-21	3.2	3.2	3.2	3.2	3.2	200
2009-05-22	3.2	3.2	3.2	3.2	3.2	3000
2009-05-26	3.1	3.1	3.1	3.1	3.1	500
2009-05-27	3.2	3.2	3.2	3.2	3.2	1500
2009-05-28	3.2	3.2	3.2	3.2	3.2	0
2009-05-29	3.2	3.2	3.2	3.2	3.2	0
2009-06-01	3.2	3.2	3.2	3.2	3.2	2000
2009-06-02	3.2	3.2	3.2	3.2	3.2	0
2009-06-03	3.15	3.15	3.15	3.15	3.15	500
2009-06-04	3.2	3.2	3.0	3.0	3.0	10100
2009-06-05	3.0	3.0	3.0	3.0	3.0	0
2009-06-08	3.0	3.0	3.0	3.0	3.0	0
2009-06-09	3.0	3.0	3.0	3.0	3.0	0
2009-06-10	3.0	3.0	3.0	3.0	3.0	0
2009-06-11	3.0	3.0	3.0	3.0	3.0	3000
2009-06-12	3.0	3.1	3.0	3.1	3.1	3500
2009-06-15	3.1	3.1	3.1	3.1	3.1	2000
2009-06-16	3.1	3.1	3.1	3.1	3.1	0
2009-06-17	3.1	3.1	3.1	3.1	3.1	0
2009-06-18	3.1	3.1	3.1	3.1	3.1	0
2009-06-19	3.1	3.1	3.1	3.1	3.1	0
2009-06-22	3.1	3.1	3.1	3.1	3.1	0
2009-06-23	2.65	3.15	2.65	3.15	3.15	186700
2009-06-24	3.15	3.15	2.75	2.99	2.99	11200
2009-06-25	2.99	2.99	2.99	2.99	2.99	0
2009-06-26	2.99	2.99	2.99	2.99	2.99	0
2009-06-29	2.99	2.99	2.99	2.99	2.99	0
2009-06-30	2.99	2.99	2.99	2.99	2.99	0
2009-07-01	2.99	2.99	2.99	2.99	2.99	0
2009-07-02	3.0	3.0	3.0	3.0	3.0	41900
2009-07-06	3.0	3.0	3.0	3.0	3.0	0
2009-07-07	3.0	3.0	3.0	3.0	3.0	0
2009-07-08	3.0	3.0	3.0	3.0	3.0	0
2009-07-09	3.0	3.0	3.0	3.0	3.0	0
2009-07-10	3.0	3.0	3.0	3.0	3.0	0
2009-07-13	3.0	3.0	3.0	3.0	3.0	1000
2009-07-14	3.0	3.0	3.0	3.0	3.0	0
2009-07-15	3.0	3.0	3.0	3.0	3.0	0
2009-07-16	3.0	3.0	3.0	3.0	3.0	0
2009-07-17	3.0	3.0	3.0	3.0	3.0	0
2009-07-20	2.92	2.92	2.92	2.92	2.92	500
2009-07-21	3.0	3.0	2.98	2.98	2.98	200000
2009-07-22	2.95	2.95	2.95	2.95	2.95	2500
2009-07-23	2.95	2.95	2.65	2.65	2.65	81300
2009-07-24	2.59	2.59	2.59	2.59	2.59	1900
2009-07-27	2.65	2.65	2.65	2.65	2.65	1400
2009-07-28	2.65	2.65	2.0	2.6	2.6	19100
2009-07-29	2.25	2.5	2.25	2.5	2.5	1000
2009-07-30	2.5	2.6	2.4	2.5	2.5	16000
2009-07-31	2.5	2.5	2.5	2.5	2.5	0
2009-08-03	2.5	2.5	2.5	2.5	2.5	0
2009-08-04	2.55	2.78	2.55	2.76	2.76	8900
2009-08-05	2.76	2.76	2.76	2.76	2.76	0
2009-08-06	2.76	2.76	2.76	2.76	2.76	0
2009-08-07	2.76	2.76	2.76	2.76	2.76	0
2009-08-10	2.76	2.76	2.76	2.76	2.76	0
2009-08-11	2.76	2.76	2.76	2.76	2.76	0
2009-08-12	2.76	2.76	2.76	2.76	2.76	600
2009-08-13	2.76	2.76	2.76	2.76	2.76	1000
2009-08-14	2.76	2.76	2.76	2.76	2.76	400
2009-08-17	2.74	2.74	2.74	2.74	2.74	3500
2009-08-18	2.74	2.74	2.74	2.74	2.74	0
2009-08-19	2.5	2.5	2.35	2.4	2.4	14300
2009-08-20	2.28	2.28	2.28	2.28	2.28	23400
2009-08-21	2.28	2.28	2.12	2.2	2.2	15700
2009-08-24	2.25	2.35	2.25	2.35	2.35	7000
2009-08-25	2.35	2.35	2.35	2.35	2.35	0
2009-08-26	2.25	2.28	2.25	2.25	2.25	12500
2009-08-27	2.25	2.25	2.25	2.25	2.25	1500
2009-08-28	2.25	2.25	2.25	2.25	2.25	0
2009-08-31	2.25	2.25	2.2	2.25	2.25	1600
2009-09-01	2.45	2.45	2.45	2.45	2.45	300
2009-09-02	2.5	2.5	2.5	2.5	2.5	500
2009-09-03	2.5	2.5	2.5	2.5	2.5	0
2009-09-04	2.35	2.35	2.12	2.35	2.35	2200
2009-09-08	2.3	2.3	2.12	2.3	2.3	3600
2009-09-09	2.3	2.3	2.3	2.3	2.3	0
2009-09-10	2.26	2.26	2.26	2.26	2.26	500
2009-09-11	2.26	2.26	2.26	2.26	2.26	0
2009-09-14	2.26	2.26	2.26	2.26	2.26	0
2009-09-15	2.15	2.3	2.15	2.3	2.3	800
2009-09-16	2.3	2.3	2.3	2.3	2.3	0
2009-09-17	2.3	2.3	2.3	2.3	2.3	0
2009-09-18	2.15	2.4	2.15	2.25	2.25	12700
2009-09-21	2.25	2.45	2.2	2.45	2.45	48100
2009-09-22	2.45	2.45	2.45	2.45	2.45	0
2009-09-23	2.45	2.45	2.45	2.45	2.45	0
2009-09-24	2.25	2.25	2.1	2.15	2.15	112500
2009-09-25	2.15	2.15	2.05	2.15	2.15	555200
2009-09-28	2.1	2.2	2.1	2.2	2.2	300
2009-09-29	2.15	2.15	2.15	2.15	2.15	3500
2009-09-30	2.13	2.15	2.12	2.15	2.15	30900
2009-10-01	2.15	2.15	2.05	2.15	2.15	31300
2009-10-02	2.15	2.2	2.1	2.15	2.15	14300
2009-10-05	2.15	2.15	2.15	2.15	2.15	3100
2009-10-06	2.15	2.15	2.1	2.15	2.15	6000
2009-10-07	2.15	2.15	2.15	2.15	2.15	2500
2009-10-08	2.15	2.15	2.15	2.15	2.15	0
2009-10-09	2.14	2.5	2.14	2.5	2.5	38100
2009-10-12	2.5	2.5	2.15	2.45	2.45	3600
2009-10-13	2.5	2.5	2.5	2.5	2.5	500
2009-10-14	2.45	2.5	2.34	2.34	2.34	33500
2009-10-15	2.5	3.0	2.4	2.53	2.53	15700
2009-10-16	2.36	2.36	2.36	2.36	2.36	1000
2009-10-19	2.25	2.28	2.25	2.25	2.25	35800
2009-10-20	2.2	2.3	2.15	2.3	2.3	27200
2009-10-21	2.2	2.6	2.15	2.5	2.5	6200
2009-10-22	2.5	2.5	2.5	2.5	2.5	0
2009-10-23	2.2	2.5	2.2	2.5	2.5	2600
2009-10-26	2.5	2.5	2.5	2.5	2.5	0
2009-10-27	2.5	2.5	2.5	2.5	2.5	0
2009-10-28	2.5	2.5	2.5	2.5	2.5	0
2009-10-29	2.5	2.8	2.5	2.8	2.8	8600
2009-10-30	2.6	2.9	2.5	2.9	2.9	2900
2009-11-02	3.0	3.0	3.0	3.0	3.0	2600
2009-11-03	3.0	3.0	3.0	3.0	3.0	0
2009-11-04	3.0	3.0	3.0	3.0	3.0	0
2009-11-05	3.0	3.0	3.0	3.0	3.0	0
2009-11-06	2.95	2.95	2.95	2.95	2.95	200
2009-11-09	2.95	2.95	2.95	2.95	2.95	600
2009-11-10	2.95	2.95	2.55	2.72	2.72	4700
2009-11-11	2.72	2.72	2.5	2.68	2.68	9000
2009-11-12	2.68	2.68	2.68	2.68	2.68	0
2009-11-13	2.67	2.68	2.67	2.68	2.68	6100
2009-11-16	2.68	2.68	2.68	2.68	2.68	0
2009-11-17	2.68	2.68	2.68	2.68	2.68	0
2009-11-18	2.68	2.7	2.68	2.7	2.7	1000
2009-11-19	2.7	2.88	2.7	2.88	2.88	8500
2009-11-20	2.4	2.8	2.4	2.8	2.8	319400
2009-11-23	2.8	2.8	2.8	2.8	2.8	0
2009-11-24	2.8	2.8	2.8	2.8	2.8	0
2009-11-25	2.88	2.88	2.88	2.88	2.88	500
2009-11-27	2.88	2.88	2.88	2.88	2.88	0
2009-11-30	2.5	2.85	2.5	2.85	2.85	2800
2009-12-01	2.8	3.0	2.8	3.0	3.0	1700
2009-12-02	2.65	2.7	2.4	2.5	2.5	24500
2009-12-03	2.5	2.5	2.5	2.5	2.5	500
2009-12-04	2.5	2.5	2.49	2.5	2.5	5900
2009-12-07	2.35	2.35	2.3	2.3	2.3	21200
2009-12-08	2.3	2.3	2.3	2.3	2.3	0
2009-12-09	2.3	2.3	2.3	2.3	2.3	0
2009-12-10	2.45	2.5	2.45	2.5	2.5	1300
2009-12-11	2.5	2.5	2.5	2.5	2.5	0
2009-12-14	2.31	2.31	2.25	2.3	2.3	34600
2009-12-15	2.3	2.31	2.25	2.31	2.31	9600
2009-12-16	2.28	2.28	2.25	2.26	2.26	72400
2009-12-17	2.26	2.26	2.26	2.26	2.26	500
2009-12-18	2.48	2.5	2.48	2.5	2.5	1000
2009-12-21	2.36	2.36	2.35	2.35	2.35	17200
2009-12-22	2.5	2.5	2.4	2.4	2.4	3200
2009-12-23	2.45	2.5	2.4	2.5	2.5	6200
2009-12-24	2.5	2.5	2.5	2.5	2.5	0
2009-12-28	2.45	2.45	2.45	2.45	2.45	1000
2009-12-29	2.4	2.4	2.4	2.4	2.4	2000
2009-12-30	2.4	2.4	2.4	2.4	2.4	0
2009-12-31	2.35	2.35	2.2	2.2	2.2	14100
2010-01-04	2.35	2.5	2.35	2.5	2.5	1000
2010-01-05	2.4	2.4	2.4	2.4	2.4	1000
2010-01-06	2.5	2.5	2.25	2.5	2.5	131800
2010-01-07	2.5	2.5	2.5	2.5	2.5	700
2010-01-08	2.5	2.5	2.5	2.5	2.5	500
2010-01-11	2.5	2.5	2.5	2.5	2.5	0
2010-01-12	2.5	2.5	2.5	2.5	2.5	0
2010-01-13	2.36	2.5	2.36	2.5	2.5	1000
2010-01-14	2.79	2.8	2.79	2.8	2.8	1000
2010-01-15	2.8	2.8	2.8	2.8	2.8	0
2010-01-19	2.85	2.85	2.75	2.75	2.75	2900
2010-01-20	2.75	2.75	2.75	2.75	2.75	0
2010-01-21	2.75	2.75	2.75	2.75	2.75	0
2010-01-22	2.65	2.65	2.65	2.65	2.65	3000
2010-01-25	2.6	2.6	2.3	2.4	2.4	2500
2010-01-26	2.59	2.6	2.3	2.5	2.5	17400
2010-01-27	2.5	2.5	2.5	2.5	2.5	0
2010-01-28	2.5	2.5	2.5	2.5	2.5	0
2010-01-29	2.85	2.85	2.5	2.5	2.5	6800
2010-02-01	2.5	2.5	2.5	2.5	2.5	0
2010-02-02	2.6	2.6	2.6	2.6	2.6	1000
2010-02-03	2.85	2.85	2.4	2.6	2.6	2600
2010-02-04	2.85	2.85	2.85	2.85	2.85	1000
2010-02-05	2.85	2.85	2.85	2.85	2.85	500
2010-02-08	2.25	2.5	2.25	2.5	2.5	100100
2010-02-09	2.35	2.35	2.35	2.35	2.35	2800
2010-02-10	2.26	2.5	2.26	2.5	2.5	800
2010-02-11	2.25	2.3	2.25	2.3	2.3	292900
2010-02-12	2.5	2.5	2.1	2.25	2.25	1700
2010-02-16	2.25	2.25	2.25	2.25	2.25	2900
2010-02-17	2.25	2.25	2.25	2.25	2.25	0
2010-02-18	2.25	2.25	2.25	2.25	2.25	0
2010-02-19	2.25	2.25	2.25	2.25	2.25	0
2010-02-22	2.25	2.25	2.25	2.25	2.25	0
2010-02-23	2.25	2.25	2.25	2.25	2.25	14000
2010-02-24	2.35	2.35	2.25	2.25	2.25	7600
2010-02-25	2.4	2.4	2.25	2.25	2.25	504800
2010-02-26	2.5	2.5	2.4	2.4	2.4	162400
2010-03-01	2.4	2.4	2.4	2.4	2.4	0
2010-03-02	2.4	2.55	2.4	2.55	2.55	5100
2010-03-03	2.5	2.5	2.42	2.42	2.42	8000
2010-03-04	2.25	2.25	2.25	2.25	2.25	2500
2010-03-05	2.5	2.5	2.5	2.5	2.5	1200
2010-03-08	2.5	2.5	2.5	2.5	2.5	800
2010-03-09	2.5	2.5	2.5	2.5	2.5	0
2010-03-10	2.5	2.5	2.5	2.5	2.5	0
2010-03-11	2.5	2.5	2.5	2.5	2.5	1200
2010-03-12	2.5	2.5	2.5	2.5	2.5	53400
2010-03-15	2.45	2.45	2.4	2.45	2.45	1500
2010-03-16	2.45	2.45	2.45	2.45	2.45	0
2010-03-17	2.41	2.41	2.25	2.4	2.4	75800
2010-03-18	2.49	2.49	2.4	2.49	2.49	1300
2010-03-19	2.53	2.53	2.3	2.53	2.53	1116100
2010-03-22	2.5	2.55	2.5	2.55	2.55	58200
2010-03-23	2.55	2.58	2.55	2.55	2.55	6300
2010-03-24	2.55	2.55	2.5	2.5	2.5	5100
2010-03-25	2.5	2.5	2.5	2.5	2.5	700
2010-03-26	2.5	2.5	2.5	2.5	2.5	1400
2010-03-29	2.5	2.5	2.5	2.5	2.5	2500
2010-03-30	2.49	2.5	2.49	2.5	2.5	2500
2010-03-31	2.45	2.45	2.45	2.45	2.45	2500
2010-04-01	2.5	2.5	2.5	2.5	2.5	500
2010-04-05	2.45	2.5	2.4	2.45	2.45	8700
2010-04-06	2.45	2.49	2.25	2.49	2.49	6000
2010-04-07	2.49	2.49	2.49	2.49	2.49	0
2010-04-08	2.49	2.49	2.49	2.49	2.49	0
2010-04-09	2.49	2.49	2.49	2.49	2.49	0
2010-04-12	2.45	2.45	2.39	2.4	2.4	20500
2010-04-13	2.5	2.5	2.5	2.5	2.5	1100
2010-04-14	2.5	2.5	2.5	2.5	2.5	0
2010-04-15	2.5	2.5	2.36	2.5	2.5	4100
2010-04-16	2.5	2.5	2.5	2.5	2.5	0
2010-04-19	2.5	2.5	2.5	2.5	2.5	0
2010-04-20	2.5	2.5	2.5	2.5	2.5	500
2010-04-21	2.51	2.51	2.5	2.5	2.5	6200
2010-04-22	2.5	2.5	2.5	2.5	2.5	12500
2010-04-23	2.5	2.5	2.5	2.5	2.5	10000
2010-04-26	2.42	2.45	2.35	2.45	2.45	11200
2010-04-27	2.45	2.58	2.45	2.58	2.58	2600
2010-04-28	2.5	2.58	2.5	2.58	2.58	1200
2010-04-29	2.6	2.6	2.6	2.6	2.6	1000
2010-04-30	2.5	2.55	2.5	2.55	2.55	1900
2010-05-03	2.6	2.7	2.6	2.7	2.7	2500
2010-05-04	2.7	2.7	2.5	2.65	2.65	4400
2010-05-05	2.7	2.7	2.7	2.7	2.7	100
2010-05-06	2.7	2.7	2.45	2.7	2.7	11400
2010-05-07	2.55	2.7	2.25	2.7	2.7	24400
2010-05-10	2.4	2.5	2.4	2.5	2.5	1600
2010-05-11	2.4	2.66	2.35	2.66	2.66	14600
2010-05-12	2.5	2.5	2.5	2.5	2.5	2000
2010-05-13	2.51	2.59	2.45	2.59	2.59	28500
2010-05-14	2.6	2.6	2.6	2.6	2.6	1000
2010-05-17	2.66	2.66	2.66	2.66	2.66	300
2010-05-18	2.66	2.66	2.66	2.66	2.66	0
2010-05-19	2.66	2.66	2.66	2.66	2.66	100
2010-05-20	2.66	2.66	2.66	2.66	2.66	0
2010-05-21	2.66	2.66	2.66	2.66	2.66	100
2010-05-24	2.66	2.66	2.66	2.66	2.66	0
2010-05-25	2.66	2.66	2.66	2.66	2.66	0
2010-05-26	2.66	2.66	2.66	2.66	2.66	0
2010-05-27	2.66	2.66	2.66	2.66	2.66	0
2010-05-28	2.66	2.66	2.66	2.66	2.66	0
2010-06-01	2.66	2.66	2.66	2.66	2.66	0
2010-06-02	2.66	2.66	2.66	2.66	2.66	0
2010-06-03	2.66	2.66	2.66	2.66	2.66	0
2010-06-04	2.66	2.66	2.66	2.66	2.66	0
2010-06-07	2.5	2.5	2.5	2.5	2.5	400
2010-06-08	2.5	2.5	2.5	2.5	2.5	0
2010-06-09	2.5	2.5	2.5	2.5	2.5	0
2010-06-10	2.5	2.5	2.5	2.5	2.5	0
2010-06-11	2.5	2.5	2.5	2.5	2.5	0
2010-06-14	2.5	2.5	2.5	2.5	2.5	0
2010-06-15	2.49	2.49	2.49	2.49	2.49	2000
2010-06-16	2.65	2.65	2.6	2.6	2.6	61700
2010-06-17	2.51	2.6	2.51	2.6	2.6	1400
2010-06-18	2.6	2.6	2.6	2.6	2.6	1600
2010-06-21	2.68	2.7	2.55	2.6	2.6	25700
2010-06-22	2.6	2.6	2.6	2.6	2.6	0
2010-06-23	2.6	2.6	2.6	2.6	2.6	0
2010-06-24	2.6	2.6	2.6	2.6	2.6	2500
2010-06-25	2.6	2.6	2.6	2.6	2.6	2000
2010-06-28	2.6	2.6	2.6	2.6	2.6	4000
2010-06-29	2.6	2.6	2.6	2.6	2.6	6500
2010-06-30	2.6	2.6	2.55	2.55	2.55	3600
2010-07-01	2.55	2.55	2.55	2.55	2.55	700
2010-07-02	2.55	2.55	2.55	2.55	2.55	0
2010-07-06	2.55	2.55	2.55	2.55	2.55	1000
2010-07-07	2.6	2.6	2.55	2.55	2.55	1500
2010-07-08	2.55	2.55	2.55	2.55	2.55	0
2010-07-09	2.55	2.55	2.55	2.55	2.55	0
2010-07-12	2.55	2.55	2.55	2.55	2.55	1000
2010-07-13	2.61	2.61	2.61	2.61	2.61	200
2010-07-14	2.61	2.61	2.61	2.61	2.61	0
2010-07-15	2.61	2.61	2.61	2.61	2.61	0
2010-07-16	2.61	2.61	2.61	2.61	2.61	0
2010-07-19	2.55	2.55	2.5	2.5	2.5	21800
2010-07-20	2.5	2.5	2.5	2.5	2.5	1000
2010-07-21	2.5	2.5	2.5	2.5	2.5	0
2010-07-22	2.55	2.55	2.55	2.55	2.55	1000
2010-07-23	2.45	2.45	2.45	2.45	2.45	100
2010-07-26	2.5	2.5	2.45	2.5	2.5	17600
2010-07-27	2.5	2.5	2.5	2.5	2.5	2000
2010-07-28	2.5	2.5	2.5	2.5	2.5	0
2010-07-29	2.5	2.5	2.5	2.5	2.5	0
2010-07-30	2.5	2.5	2.5	2.5	2.5	0
2010-08-02	2.36	2.5	2.25	2.5	2.5	51000
2010-08-03	2.5	2.5	2.5	2.5	2.5	0
2010-08-04	2.5	2.5	2.5	2.5	2.5	0
2010-08-05	2.5	2.5	2.5	2.5	2.5	500
2010-08-06	2.4	2.5	2.25	2.5	2.5	2900
2010-08-09	2.39	2.4	2.39	2.4	2.4	1400
2010-08-10	2.4	2.4	2.3	2.4	2.4	6000
2010-08-11	2.3	2.3	2.1	2.2	2.2	646500
2010-08-12	2.2	2.2	2.15	2.15	2.15	3500
2010-08-13	2.2	2.2	2.15	2.2	2.2	17500
2010-08-16	2.2	2.2	2.2	2.2	2.2	3000
2010-08-17	2.2	2.21	2.2	2.21	2.21	6000
2010-08-18	2.21	2.21	2.21	2.21	2.21	0
2010-08-19	2.21	2.21	2.2	2.2	2.2	5600
2010-08-20	2.2	2.2	2.2	2.2	2.2	2500
2010-08-23	2.2	2.2	2.2	2.2	2.2	0
2010-08-24	2.2	2.2	2.2	2.2	2.2	0
2010-08-25	2.2	2.2	2.2	2.2	2.2	300
2010-08-26	2.2	2.2	2.2	2.2	2.2	0
2010-08-27	2.2	2.2	2.2	2.2	2.2	0
2010-08-30	2.2	2.2	2.2	2.2	2.2	2500
2010-08-31	2.2	2.2	2.2	2.2	2.2	0
2010-09-01	2.2	2.2	2.2	2.2	2.2	0
2010-09-02	2.22	2.25	2.22	2.25	2.25	17900
2010-09-03	2.25	2.25	2.25	2.25	2.25	0
2010-09-07	2.22	2.22	2.22	2.22	2.22	35000
2010-09-08	2.22	2.22	2.22	2.22	2.22	0
2010-09-09	2.24	2.24	2.24	2.24	2.24	500
2010-09-10	2.21	2.25	2.2	2.2	2.2	6600
2010-09-13	2.1	2.4	2.05	2.4	2.4	29200
2010-09-14	2.3	2.4	2.3	2.4	2.4	25200
2010-09-15	2.4	2.4	2.4	2.4	2.4	0
2010-09-16	2.43	2.43	2.43	2.43	2.43	100
2010-09-17	2.45	2.46	2.45	2.46	2.46	12100
2010-09-20	2.49	2.49	2.25	2.45	2.45	7100
2010-09-21	2.35	2.45	2.35	2.45	2.45	5300
2010-09-22	2.35	2.44	2.35	2.44	2.44	400
2010-09-23	2.44	2.44	2.44	2.44	2.44	0
2010-09-24	2.44	2.55	2.44	2.55	2.55	7000
2010-09-27	2.55	2.55	2.55	2.55	2.55	0
2010-09-28	2.6	2.6	2.6	2.6	2.6	23300
2010-09-29	2.6	2.7	2.6	2.6	2.6	44300
2010-09-30	2.65	2.65	2.45	2.5	2.5	30500
2010-10-01	2.5	2.5	2.5	2.5	2.5	0
2010-10-04	2.5	2.5	2.5	2.5	2.5	0
2010-10-05	2.55	2.55	2.55	2.55	2.55	1000
2010-10-06	2.55	2.55	2.55	2.55	2.55	0
2010-10-07	2.55	2.55	2.55	2.55	2.55	0
2010-10-08	2.55	2.55	2.55	2.55	2.55	0
2010-10-11	2.5	2.5	2.5	2.5	2.5	2400
2010-10-12	2.5	2.5	2.5	2.5	2.5	1000
2010-10-13	2.5	2.5	2.5	2.5	2.5	22700
2010-10-14	2.5	2.5	2.5	2.5	2.5	15400
2010-10-15	2.5	2.5	2.5	2.5	2.5	500
2010-10-18	2.5	2.5	2.5	2.5	2.5	0
2010-10-19	2.4	2.4	2.1	2.2	2.2	263000
2010-10-20	2.2	2.3	2.15	2.3	2.3	26300
2010-10-21	2.49	2.49	2.3	2.3	2.3	2200
2010-10-22	2.35	2.35	2.25	2.25	2.25	2000
2010-10-25	2.25	2.25	2.25	2.25	2.25	500
2010-10-26	2.25	2.25	2.25	2.25	2.25	0
2010-10-27	2.35	2.35	2.2	2.3	2.3	3200
2010-10-28	2.35	2.35	2.35	2.35	2.35	100
2010-10-29	2.35	2.35	2.35	2.35	2.35	0
2010-11-01	2.35	2.35	2.25	2.35	2.35	1300
2010-11-02	2.35	2.35	2.35	2.35	2.35	0
2010-11-03	2.35	2.35	2.35	2.35	2.35	0
2010-11-04	2.3	2.32	2.28	2.28	2.28	18900
2010-11-05	2.25	2.29	2.25	2.29	2.29	10600
2010-11-08	2.29	2.29	2.25	2.29	2.29	1700
2010-11-09	2.29	2.29	2.29	2.29	2.29	0
2010-11-10	2.28	2.35	2.28	2.3	2.3	95100
2010-11-11	2.38	2.4	2.29	2.3	2.3	60600
2010-11-12	2.3	2.49	2.29	2.29	2.29	6100
2010-11-15	2.45	2.45	2.3	2.3	2.3	48700
2010-11-16	2.34	2.34	2.25	2.25	2.25	3000
2010-11-17	2.35	2.35	2.35	2.35	2.35	300
2010-11-18	2.4	2.4	2.3	2.4	2.4	3100
2010-11-19	2.3	2.4	2.3	2.4	2.4	1500
2010-11-22	2.4	2.5	2.39	2.5	2.5	30800
2010-11-23	2.45	2.5	2.3	2.5	2.5	2600
2010-11-24	2.26	2.5	2.26	2.48	2.48	3700
2010-11-26	2.48	2.48	2.48	2.48	2.48	0
2010-11-29	2.4	2.52	2.4	2.52	2.52	25200
2010-11-30	2.5	2.52	2.5	2.52	2.52	8700
2010-12-01	2.55	2.55	2.55	2.55	2.55	100
2010-12-02	2.55	2.7	2.55	2.58	2.58	18600
2010-12-03	2.54	2.54	2.5	2.54	2.54	16800
2010-12-06	2.58	2.58	2.5	2.53	2.53	52300
2010-12-07	2.53	2.6	2.45	2.6	2.6	107300
2010-12-08	2.58	2.58	2.58	2.58	2.58	2000
2010-12-09	2.5	2.6	2.45	2.6	2.6	40600
2010-12-10	2.45	2.52	2.45	2.52	2.52	5000
2010-12-13	2.5	2.5	2.45	2.45	2.45	28100
2010-12-14	2.48	2.58	2.48	2.58	2.58	1000
2010-12-15	2.58	2.58	2.58	2.58	2.58	0
2010-12-16	2.4	2.52	2.4	2.52	2.52	500
2010-12-17	2.51	2.51	2.51	2.51	2.51	100
2010-12-20	2.4	2.51	2.4	2.51	2.51	600
2010-12-21	2.4	2.4	2.4	2.4	2.4	16800
2010-12-22	2.4	2.49	2.4	2.49	2.49	5800
2010-12-23	2.49	2.54	2.46	2.46	2.46	11600
2010-12-27	2.44	2.49	2.44	2.48	2.48	5900
2010-12-28	2.49	2.49	2.35	2.35	2.35	32600
2010-12-29	2.36	2.48	2.35	2.35	2.35	8500
2010-12-30	2.35	2.35	2.19	2.3	2.3	53400
2010-12-31	2.29	2.33	2.29	2.33	2.33	10000
2011-01-03	2.34	2.49	2.3	2.3	2.3	12400
2011-01-04	2.33	2.33	2.3	2.3	2.3	3300
2011-01-05	2.3	2.34	2.3	2.34	2.34	900
2011-01-06	2.34	2.38	2.34	2.38	2.38	7900
2011-01-07	2.37	2.4	2.37	2.4	2.4	900
2011-01-10	2.39	2.39	2.39	2.39	2.39	300
2011-01-11	2.37	2.41	2.37	2.41	2.41	6800
2011-01-12	2.41	2.43	2.41	2.43	2.43	7500
2011-01-13	2.43	2.49	2.43	2.47	2.47	11000
2011-01-14	2.45	2.45	2.45	2.45	2.45	2100
2011-01-18	2.45	2.85	2.41	2.85	2.85	34600
2011-01-19	2.8	2.85	2.74	2.85	2.85	53700
2011-01-20	2.83	2.85	2.81	2.84	2.84	18500
2011-01-21	2.87	3.11	2.5	2.5	2.5	83100
2011-01-24	2.51	2.9	2.5	2.76	2.76	51800
2011-01-25	2.76	2.76	2.76	2.76	2.76	0
2011-01-26	2.75	3.0	2.65	2.95	2.95	49200
2011-01-27	2.97	3.0	2.94	2.96	2.96	9600
2011-01-28	2.97	3.0	2.92	2.92	2.92	10300
2011-01-31	2.91	2.95	2.85	2.85	2.85	17300
2011-02-01	2.89	2.93	2.85	2.85	2.85	5500
2011-02-02	2.84	2.86	2.84	2.86	2.86	2000
2011-02-03	2.9	2.93	2.88	2.88	2.88	4900
2011-02-04	2.9	2.97	2.9	2.97	2.97	7000
2011-02-07	3.0	3.05	2.98	3.0	3.0	27000
2011-02-08	2.95	3.0	2.75	2.77	2.77	652100
2011-02-09	2.75	2.76	2.47	2.7	2.7	39800
2011-02-10	2.7	2.75	2.2	2.44	2.44	5170100
2011-02-11	2.5	2.59	2.48	2.54	2.54	378900
2011-02-14	2.66	2.72	2.55	2.68	2.68	215200
2011-02-15	2.65	2.72	2.62	2.68	2.68	96600
2011-02-16	2.7	2.72	2.5	2.65	2.65	73200
2011-02-17	2.65	2.7	2.59	2.62	2.62	20200
2011-02-18	2.6	2.64	2.5	2.5	2.5	24100
2011-02-22	2.5	2.53	2.48	2.53	2.53	92700
2011-02-23	2.5	2.55	2.47	2.48	2.48	3200
2011-02-24	2.5	2.51	2.4	2.48	2.48	108400
2011-02-25	2.5	2.58	2.48	2.58	2.58	19200
2011-02-28	2.57	2.57	2.49	2.56	2.56	14500
2011-03-01	2.55	2.72	2.55	2.64	2.64	90100
2011-03-02	2.64	2.74	2.64	2.65	2.65	20400
2011-03-03	2.69	2.74	2.65	2.69	2.69	8000
2011-03-04	2.65	2.7	2.65	2.68	2.68	1700
2011-03-07	2.67	2.74	2.63	2.7	2.7	21500
2011-03-08	2.71	2.8	2.66	2.66	2.66	96300
2011-03-09	2.69	2.75	2.69	2.73	2.73	11900
2011-03-10	2.66	2.8	2.66	2.77	2.77	35000
2011-03-11	2.75	2.8	2.65	2.7	2.7	14700
2011-03-14	2.67	2.76	2.67	2.74	2.74	1300
2011-03-15	2.75	2.75	2.72	2.74	2.74	1100
2011-03-16	2.69	2.75	2.69	2.74	2.74	15700
2011-03-17	2.75	2.85	2.75	2.8	2.8	59500
2011-03-18	2.83	2.85	2.7	2.7	2.7	22800
2011-03-21	2.75	2.82	2.75	2.79	2.79	21100
2011-03-22	2.77	2.8	2.7	2.71	2.71	13900
2011-03-23	2.71	2.71	2.64	2.68	2.68	10300
2011-03-24	2.69	2.95	2.69	2.76	2.76	25200
2011-03-25	2.76	2.88	2.7	2.7	2.7	546100
2011-03-28	2.72	2.72	2.54	2.55	2.55	28300
2011-03-29	2.6	2.8	2.6	2.67	2.67	27800
2011-03-30	2.7	2.7	2.5	2.58	2.58	10500
2011-03-31	2.58	2.73	2.42	2.7	2.7	57200
2011-04-01	2.75	2.85	2.6	2.71	2.71	5300
2011-04-04	2.7	2.7	2.61	2.62	2.62	6100
2011-04-05	2.6	2.66	2.43	2.55	2.55	57000
2011-04-06	2.55	2.65	2.55	2.63	2.63	5500
2011-04-07	2.62	2.63	2.61	2.63	2.63	8900
2011-04-08	2.65	2.72	2.63	2.7	2.7	6400
2011-04-11	2.67	2.8	2.67	2.73	2.73	1700
2011-04-12	2.75	2.8	2.75	2.77	2.77	2400
2011-04-13	2.79	2.8	2.6	2.6	2.6	25200
2011-04-14	2.62	2.75	2.62	2.75	2.75	10900
2011-04-15	2.72	2.75	2.72	2.74	2.74	500
2011-04-18	2.7	2.7	2.65	2.65	2.65	25400
2011-04-19	2.67	2.7	2.5	2.6	2.6	3900
2011-04-20	2.62	2.7	2.62	2.68	2.68	900
2011-04-21	2.67	2.7	2.64	2.64	2.64	4500
2011-04-25	2.61	2.65	2.6	2.65	2.65	1600
2011-04-26	2.6	2.7	2.59	2.59	2.59	4200
2011-04-27	2.6	2.65	2.6	2.65	2.65	7200
2011-04-28	2.62	2.65	2.62	2.65	2.65	900
2011-04-29	2.65	2.7	2.65	2.67	2.67	4300
2011-05-02	2.64	2.67	2.61	2.67	2.67	600
2011-05-03	2.61	2.62	2.55	2.59	2.59	41500
2011-05-04	2.61	2.62	2.46	2.52	2.52	22000
2011-05-05	2.52	2.55	2.46	2.51	2.51	70300
2011-05-06	2.54	2.61	2.51	2.61	2.61	6300
2011-05-09	2.66	2.7	2.6	2.66	2.66	3300
2011-05-10	2.66	2.68	2.65	2.68	2.68	3300
2011-05-11	2.65	2.71	2.57	2.62	2.62	310600
2011-05-12	2.57	2.65	2.41	2.46	2.46	232900
2011-05-13	2.55	2.63	2.54	2.63	2.63	7600
2011-05-16	2.6	2.62	2.42	2.55	2.55	54000
2011-05-17	2.55	2.55	2.55	2.55	2.55	0
2011-05-18	2.54	2.54	2.42	2.45	2.45	42800
2011-05-19	2.44	2.45	2.39	2.4	2.4	40400
2011-05-20	2.41	2.43	2.35	2.35	2.35	563700
2011-05-23	2.35	2.37	2.28	2.37	2.37	3600
2011-05-24	2.3	2.3	2.3	2.3	2.3	1200
2011-05-25	2.3	2.35	2.25	2.25	2.25	69800
2011-05-26	2.3	2.35	2.25	2.26	2.26	16500
2011-05-27	2.25	2.25	2.25	2.25	2.25	5900
2011-05-31	2.28	2.3	2.28	2.3	2.3	1100
2011-06-01	2.3	2.3	2.3	2.3	2.3	0
2011-06-02	2.25	2.25	2.18	2.19	2.19	10700
2011-06-03	2.19	2.2	2.15	2.19	2.19	55100
2011-06-06	2.18	2.18	2.14	2.15	2.15	3400
2011-06-07	2.2	2.2	2.14	2.18	2.18	5800
2011-06-08	2.2	2.2	2.2	2.2	2.2	300
2011-06-09	2.15	2.21	2.15	2.19	2.19	2900
2011-06-10	2.19	2.2	2.19	2.2	2.2	1800
2011-06-13	2.2	2.22	2.2	2.2	2.2	5600
2011-06-14	2.17	2.17	2.17	2.17	2.17	3100
2011-06-15	2.2	2.2	2.2	2.2	2.2	1500
2011-06-16	2.19	2.2	2.18	2.2	2.2	16600
2011-06-17	2.17	2.19	2.15	2.15	2.15	27700
2011-06-20	2.15	2.2	2.12	2.12	2.12	8000
2011-06-21	2.15	2.17	2.15	2.15	2.15	2200
2011-06-22	2.17	2.17	2.15	2.15	2.15	1200
2011-06-23	2.15	2.15	2.14	2.14	2.14	1900
2011-06-24	2.16	2.17	2.12	2.13	2.13	38800
2011-06-27	2.1	2.17	2.1	2.15	2.15	42700
2011-06-28	2.17	2.17	2.17	2.17	2.17	1800
2011-06-29	2.14	2.14	2.14	2.14	2.14	1000
2011-06-30	2.16	2.16	2.14	2.16	2.16	2700
2011-07-01	2.11	2.14	2.08	2.13	2.13	5700
2011-07-05	2.13	2.13	2.13	2.13	2.13	0
2011-07-06	2.13	2.15	2.1	2.14	2.14	54000
2011-07-07	2.16	2.16	2.13	2.13	2.13	12400
2011-07-08	2.15	2.15	2.12	2.15	2.15	3700
2011-07-11	2.15	2.15	2.12	2.15	2.15	5300
2011-07-12	2.1	2.13	2.08	2.13	2.13	11600
2011-07-13	2.13	2.13	2.13	2.13	2.13	0
2011-07-14	2.13	2.13	2.13	2.13	2.13	0
2011-07-15	2.16	2.16	2.13	2.16	2.16	1700
2011-07-18	2.1	2.13	2.05	2.1	2.1	31200
2011-07-19	2.08	2.09	2.04	2.07	2.07	15500
2011-07-20	2.04	2.05	1.97	2.0	2.0	20000
2011-07-21	2.0	2.02	1.92	2.02	2.02	45300
2011-07-22	2.03	2.03	2.03	2.03	2.03	700
2011-07-25	2.05	2.05	1.93	1.96	1.96	19200
2011-07-26	1.93	1.94	1.9	1.93	1.93	90300
2011-07-27	1.9	1.92	1.74	1.75	1.75	27200
2011-07-28	1.79	1.8	1.74	1.75	1.75	653900
2011-07-29	1.74	1.82	1.67	1.82	1.82	42700
2011-08-01	1.8	1.81	1.73	1.74	1.74	2200
2011-08-02	1.74	1.76	1.74	1.76	1.76	6300
2011-08-03	1.76	1.8	1.75	1.8	1.8	7300
2011-08-04	1.8	1.8	1.8	1.8	1.8	0
2011-08-05	1.78	1.78	1.72	1.72	1.72	1000
2011-08-08	1.7	1.8	1.62	1.65	1.65	3400
2011-08-09	1.62	1.63	1.57	1.62	1.62	2700
2011-08-10	1.66	1.66	1.66	1.66	1.66	300
2011-08-11	1.61	1.73	1.6	1.7	1.7	16600
2011-08-12	1.65	1.72	1.65	1.72	1.72	42700
2011-08-15	1.7	1.7	1.63	1.63	1.63	16000
2011-08-16	1.63	1.63	1.63	1.63	1.63	500
2011-08-17	1.63	1.63	1.61	1.61	1.61	400
2011-08-18	1.57	1.57	1.42	1.48	1.48	25700
2011-08-19	1.43	1.5	1.43	1.49	1.49	12000
2011-08-22	1.46	1.46	1.46	1.46	1.46	500
2011-08-23	1.46	1.46	1.46	1.46	1.46	800
2011-08-24	1.5	1.52	1.48	1.51	1.51	6400
2011-08-25	1.56	1.56	1.54	1.55	1.55	9400
2011-08-26	1.5	1.54	1.46	1.52	1.52	3200
2011-08-29	1.52	1.53	1.48	1.53	1.53	5100
2011-08-30	1.53	1.53	1.53	1.53	1.53	0
2011-08-31	1.51	1.54	1.39	1.52	1.52	10800
2011-09-01	1.54	1.54	1.48	1.5	1.5	3900
2011-09-02	1.55	1.55	1.49	1.49	1.49	11100
2011-09-06	1.5	1.57	1.5	1.52	1.52	3200
2011-09-07	1.51	1.51	1.5	1.5	1.5	800
2011-09-08	1.5	1.5	1.5	1.5	1.5	0
2011-09-09	1.53	1.53	1.46	1.46	1.46	3800
2011-09-12	1.41	1.48	1.41	1.47	1.47	2200
2011-09-13	1.5	1.5	1.5	1.5	1.5	400
2011-09-14	1.48	1.48	1.44	1.44	1.44	65500
2011-09-15	1.45	1.45	1.4	1.4	1.4	2900
2011-09-16	1.35	1.4	1.3	1.35	1.35	42500
2011-09-19	1.35	1.35	1.16	1.24	1.24	17400
2011-09-20	1.21	1.3	1.21	1.24	1.24	13000
2011-09-21	1.23	1.23	1.17	1.18	1.18	12300
2011-09-22	1.18	1.18	1.08	1.1	1.1	59400
2011-09-23	1.1	1.1	0.98	1.0	1.0	74900
2011-09-26	0.92	1.0	0.75	0.99	0.99	63500
2011-09-27	1.0	1.05	0.99	1.03	1.03	33000
2011-09-28	1.02	1.06	0.94	0.94	0.94	346700
2011-09-29	0.95	0.97	0.94	0.97	0.97	14500
2011-09-30	0.95	0.95	0.95	0.95	0.95	500
2011-10-03	0.9	0.99	0.9	0.95	0.95	11600
2011-10-04	0.93	1.04	0.9	1.04	1.04	207700
2011-10-05	1.0	1.0	0.97	0.99	0.99	123200
2011-10-06	0.94	0.95	0.94	0.95	0.95	46900
2011-10-07	0.92	0.92	0.92	0.92	0.92	11000
2011-10-10	0.92	0.92	0.92	0.92	0.92	0
2011-10-11	0.92	0.92	0.92	0.92	0.92	1300
2011-10-12	0.91	0.97	0.9	0.97	0.97	38000
2011-10-13	0.94	0.95	0.9	0.95	0.95	716300
2011-10-14	0.93	0.93	0.92	0.92	0.92	1100
2011-10-17	0.93	0.94	0.91	0.91	0.91	18900
2011-10-18	0.94	0.94	0.93	0.94	0.94	15400
2011-10-19	0.94	0.97	0.94	0.95	0.95	48300
2011-10-20	0.94	0.94	0.94	0.94	0.94	13700
2011-10-21	0.95	0.95	0.93	0.94	0.94	11500
2011-10-24	0.95	0.96	0.94	0.94	0.94	30800
2011-10-25	0.95	0.95	0.95	0.95	0.95	44300
2011-10-26	0.94	0.94	0.93	0.94	0.94	12200
2011-10-27	0.94	0.95	0.94	0.95	0.95	13600
2011-10-28	0.94	0.95	0.93	0.93	0.93	52200
2011-10-31	0.92	0.94	0.92	0.94	0.94	22500
2011-11-01	0.95	0.96	0.95	0.95	0.95	79100
2011-11-02	0.94	1.0	0.93	0.97	0.97	92400
2011-11-03	0.96	1.05	0.96	1.05	1.05	43200
2011-11-04	1.06	1.25	1.06	1.22	1.22	56800
2011-11-07	1.26	1.3	1.26	1.28	1.28	101600
2011-11-08	1.3	1.3	1.22	1.24	1.24	193600
2011-11-09	1.23	1.23	1.18	1.18	1.18	2700
2011-11-10	1.17	1.25	1.15	1.18	1.18	55300
2011-11-11	1.19	1.2	1.19	1.2	1.2	21900
2011-11-14	1.21	1.21	1.18	1.19	1.19	11100
2011-11-15	1.19	1.26	1.19	1.23	1.23	56200
2011-11-16	1.24	1.25	1.23	1.24	1.24	16500
2011-11-17	1.25	1.34	1.24	1.34	1.34	51200
2011-11-18	1.35	1.85	1.35	1.85	1.85	351000
2011-11-21	1.77	1.77	1.43	1.47	1.47	119000
2011-11-22	1.46	1.78	1.46	1.49	1.49	75100
2011-11-23	1.49	1.52	1.43	1.45	1.45	49100
2011-11-25	1.45	1.45	1.45	1.45	1.45	0
2011-11-28	1.46	1.75	1.45	1.47	1.47	30400
2011-11-29	1.51	1.8	1.49	1.65	1.65	73700
2011-11-30	1.66	1.9	1.66	1.75	1.75	94900
2011-12-01	1.76	1.99	1.72	1.85	1.85	66900
2011-12-02	1.85	1.92	1.81	1.84	1.84	51300
2011-12-05	1.85	1.85	1.82	1.82	1.82	1800
2011-12-06	1.8	1.8	1.76	1.76	1.76	3900
2011-12-07	1.81	1.84	1.81	1.84	1.84	13500
2011-12-08	1.83	1.83	1.78	1.81	1.81	500
2011-12-09	1.8	1.8	1.79	1.8	1.8	22200
2011-12-12	1.74	1.78	1.74	1.78	1.78	1300
2011-12-13	1.76	1.76	1.7	1.7	1.7	4500
2011-12-14	1.68	1.68	1.63	1.65	1.65	22500
2011-12-15	1.65	1.65	1.61	1.65	1.65	24200
2011-12-16	1.65	1.66	1.65	1.65	1.65	10500
2011-12-19	1.65	1.65	1.65	1.65	1.65	0
2011-12-20	1.65	1.71	1.65	1.66	1.66	22800
2011-12-21	1.66	1.66	1.66	1.66	1.66	300
2011-12-22	1.65	1.65	1.65	1.65	1.65	600
2011-12-23	1.66	1.66	1.66	1.66	1.66	200
2011-12-27	1.66	1.66	1.64	1.64	1.64	500
2011-12-28	1.63	1.64	1.61	1.64	1.64	11800
2011-12-29	1.61	1.64	1.55	1.59	1.59	5600
2011-12-30	1.61	1.63	1.59	1.61	1.61	4200
2012-01-03	1.61	1.63	1.61	1.63	1.63	1000
2012-01-04	1.63	1.67	1.63	1.67	1.67	1100
2012-01-05	1.69	1.77	1.69	1.77	1.77	19700
2012-01-06	1.78	1.78	1.74	1.77	1.77	25100
2012-01-09	1.76	1.79	1.76	1.77	1.77	12900
2012-01-10	1.79	1.85	1.78	1.78	1.78	2000
2012-01-11	1.84	1.87	1.73	1.73	1.73	13700
2012-01-12	1.74	1.74	1.74	1.74	1.74	100
2012-01-13	1.8	1.8	1.77	1.79	1.79	1300
2012-01-17	1.78	1.78	1.78	1.78	1.78	200
2012-01-18	1.8	1.82	1.75	1.75	1.75	22000
2012-01-19	1.73	1.97	1.73	1.92	1.92	46400
2012-01-20	1.94	1.96	1.94	1.95	1.95	4000
2012-01-23	1.96	1.96	1.9	1.95	1.95	19100
2012-01-24	1.92	1.92	1.9	1.9	1.9	1600
2012-01-25	1.94	1.96	1.94	1.96	1.96	300
2012-01-26	1.96	1.99	1.96	1.99	1.99	22300
2012-01-27	2.0	2.02	1.99	1.99	1.99	19500
2012-01-30	1.98	1.99	1.98	1.99	1.99	4100
2012-01-31	1.97	2.01	1.95	2.01	2.01	11200
2012-02-01	2.0	2.0	1.96	1.96	1.96	80400
2012-02-02	1.95	1.96	1.92	1.92	1.92	8800
2012-02-03	1.92	2.0	1.9	1.99	1.99	10200
2012-02-06	1.96	1.96	1.9	1.9	1.9	3200
2012-02-07	1.9	1.9	1.88	1.88	1.88	5600
2012-02-08	1.87	1.89	1.83	1.83	1.83	32900
2012-02-09	1.83	1.83	1.68	1.68	1.68	44400
2012-02-10	1.68	1.73	1.65	1.73	1.73	14400
2012-02-13	1.73	1.78	1.71	1.77	1.77	138400
2012-02-14	1.73	1.75	1.7	1.75	1.75	19700
2012-02-15	1.75	1.75	1.73	1.75	1.75	8400
2012-02-16	1.73	1.8	1.73	1.8	1.8	29500
2012-02-17	1.77	1.8	1.77	1.79	1.79	3000
2012-02-21	1.77	1.77	1.7	1.74	1.74	2600
2012-02-22	1.76	1.84	1.76	1.84	1.84	24100
2012-02-23	1.83	1.92	1.83	1.9	1.9	17900
2012-02-24	1.9	1.9	1.9	1.9	1.9	0
2012-02-27	1.9	1.9	1.89	1.89	1.89	400
2012-02-28	1.89	2.02	1.89	2.0	2.0	154200
2012-02-29	2.01	2.08	2.0	2.03	2.03	269500
2012-03-01	2.0	2.0	2.0	2.0	2.0	500
2012-03-02	2.0	2.01	2.0	2.01	2.01	600
2012-03-05	2.02	2.02	2.02	2.02	2.02	9500
2012-03-06	2.02	2.04	1.97	1.97	1.97	52000
2012-03-07	1.97	2.02	1.96	1.96	1.96	11600
2012-03-08	1.97	2.0	1.95	2.0	2.0	18600
2012-03-09	2.0	2.0	2.0	2.0	2.0	30900
2012-03-12	2.02	2.02	2.0	2.0	2.0	1300
2012-03-13	2.02	2.02	2.02	2.02	2.02	100
2012-03-14	2.05	2.07	2.05	2.06	2.06	5900
2012-03-15	2.07	2.3	1.9	2.05	2.05	60800
2012-03-16	2.01	2.01	1.89	1.98	1.98	64500
2012-03-19	1.94	1.94	1.9	1.91	1.91	4400
2012-03-20	1.87	1.87	1.87	1.87	1.87	200
2012-03-21	1.87	1.92	1.87	1.92	1.92	700
2012-03-22	1.89	1.89	1.81	1.81	1.81	900
2012-03-23	1.84	1.89	1.84	1.88	1.88	5600
2012-03-26	1.84	1.9	1.84	1.9	1.9	22100
2012-03-27	1.91	1.91	1.91	1.91	1.91	31000
2012-03-28	1.94	1.94	1.9	1.93	1.93	23500
2012-03-29	1.93	1.97	1.93	1.97	1.97	1400
2012-03-30	1.94	1.95	1.94	1.94	1.94	600
2012-04-02	1.9	1.95	1.78	1.95	1.95	11900
2012-04-03	1.97	1.97	1.97	1.97	1.97	200
2012-04-04	1.94	1.95	1.93	1.95	1.95	60000
2012-04-05	1.96	1.96	1.96	1.96	1.96	30300
2012-04-09	1.98	2.06	1.98	2.06	2.06	23600
2012-04-10	2.1	2.1	2.05	2.05	2.05	30200
2012-04-11	2.06	2.07	2.0	2.05	2.05	42400
2012-04-12	2.04	2.08	2.04	2.08	2.08	300
2012-04-13	2.08	2.08	2.08	2.08	2.08	0
2012-04-16	2.1	2.1	2.1	2.1	2.1	200
2012-04-17	2.11	2.14	2.1	2.12	2.12	5600
2012-04-18	2.12	2.15	2.11	2.15	2.15	3300
2012-04-19	2.18	2.25	2.18	2.24	2.24	3300
2012-04-20	2.26	2.26	2.23	2.23	2.23	1500
2012-04-23	2.3	2.31	2.2	2.25	2.25	14400
2012-04-24	2.34	2.34	2.25	2.25	2.25	2300
2012-04-25	2.25	2.51	2.18	2.18	2.18	64600
2012-04-26	2.2	2.24	2.17	2.24	2.24	23300
2012-04-27	2.2	2.2	2.07	2.16	2.16	22700
2012-04-30	2.21	2.25	2.2	2.2	2.2	10800
2012-05-01	2.26	2.28	2.18	2.18	2.18	11000
2012-05-02	2.22	2.22	2.2	2.2	2.2	2900
2012-05-03	2.21	2.21	2.14	2.15	2.15	28200
2012-05-04	2.2	2.25	2.16	2.2	2.2	49700
2012-05-07	2.2	2.2	2.06	2.15	2.15	8800
2012-05-08	2.16	2.2	2.11	2.11	2.11	700
2012-05-09	2.15	2.16	2.07	2.15	2.15	3300
2012-05-10	2.15	2.15	2.15	2.15	2.15	0
2012-05-11	2.15	2.15	2.15	2.15	2.15	100
2012-05-14	2.15	2.15	1.9	1.98	1.98	147100
2012-05-15	1.98	2.02	1.98	2.0	2.0	61000
2012-05-16	1.98	2.02	1.98	2.0	2.0	7200
2012-05-17	1.98	1.98	1.9	1.97	1.97	5700
2012-05-18	1.9	1.99	1.9	1.91	1.91	6100
2012-05-21	1.91	2.19	1.91	2.13	2.13	23900
2012-05-22	2.16	2.2	2.11	2.11	2.11	106100
2012-05-23	2.08	2.08	1.9	1.95	1.95	51000
2012-05-24	1.99	1.99	1.94	1.94	1.94	148400
2012-05-25	1.95	1.95	1.9	1.9	1.9	36700
2012-05-29	1.9	1.9	1.8	1.84	1.84	46000
2012-05-30	1.89	1.99	1.88	1.98	1.98	4700
2012-05-31	1.91	2.15	1.89	2.04	2.04	50000
2012-06-01	1.99	1.99	1.9	1.9	1.9	4600
2012-06-04	1.9	1.94	1.75	1.94	1.94	80800
2012-06-05	1.91	1.94	1.8	1.91	1.91	65900
2012-06-06	1.91	1.91	1.91	1.91	1.91	0
2012-06-07	1.91	1.95	1.8	1.95	1.95	330000
2012-06-08	1.91	1.91	1.75	1.9	1.9	203800
2012-06-11	1.86	1.91	1.7	1.72	1.72	190800
2012-06-12	1.75	1.89	1.72	1.76	1.76	12200
2012-06-13	1.77	1.8	1.77	1.77	1.77	1200
2012-06-14	1.79	1.84	1.79	1.82	1.82	19000
2012-06-15	1.84	1.93	1.84	1.93	1.93	6800
2012-06-18	1.9	1.9	1.84	1.89	1.89	1100
2012-06-19	1.9	1.99	1.9	1.99	1.99	6600
2012-06-20	2.0	2.0	2.0	2.0	2.0	300
2012-06-21	1.93	1.93	1.93	1.93	1.93	10000
2012-06-22	1.99	2.09	1.98	2.09	2.09	25400
2012-06-25	1.74	2.09	1.74	2.0	2.0	6900
2012-06-26	1.98	2.02	1.94	2.0	2.0	102600
2012-06-27	2.03	2.03	2.03	2.03	2.03	200
2012-06-28	2.03	2.03	2.03	2.03	2.03	0
2012-06-29	2.0	2.0	1.89	1.89	1.89	374000
2012-07-02	1.9	1.91	1.9	1.9	1.9	1200
2012-07-03	1.9	1.95	1.9	1.95	1.95	14700
2012-07-05	1.98	1.98	1.98	1.98	1.98	200
2012-07-06	2.0	2.0	1.95	1.95	1.95	1300
2012-07-09	1.96	2.0	1.95	1.95	1.95	800
2012-07-10	1.95	1.95	1.95	1.95	1.95	5100
2012-07-11	2.0	2.0	1.99	2.0	2.0	9700
2012-07-12	1.97	2.05	1.97	2.01	2.01	12700
2012-07-13	1.99	2.05	1.98	2.03	2.03	9600
2012-07-16	2.01	2.01	2.0	2.0	2.0	9900
2012-07-17	2.0	2.01	1.99	1.99	1.99	3700
2012-07-18	1.98	2.01	1.98	2.01	2.01	20600
2012-07-19	2.02	2.05	1.97	2.02	2.02	4600
2012-07-20	2.0	2.0	1.98	1.98	1.98	1100
2012-07-23	1.97	1.97	1.9	1.94	1.94	9700
2012-07-24	1.92	1.93	1.9	1.9	1.9	10300
2012-07-25	1.9	1.91	1.9	1.9	1.9	102100
2012-07-26	1.9	1.9	1.9	1.9	1.9	0
2012-07-27	1.95	1.99	1.95	1.99	1.99	1100
2012-07-30	1.99	1.99	1.99	1.99	1.99	0
2012-07-31	1.99	1.99	1.99	1.99	1.99	0
2012-08-01	1.9	2.01	1.9	2.01	2.01	4200
2012-08-02	2.01	2.01	2.01	2.01	2.01	0
2012-08-03	1.91	1.91	1.91	1.91	1.91	100
2012-08-06	2.02	2.02	2.02	2.02	2.02	200
2012-08-07	2.02	2.02	2.02	2.02	2.02	0
2012-08-08	2.05	2.09	2.02	2.02	2.02	32100
2012-08-09	1.91	1.91	1.9	1.9	1.9	200
2012-08-10	1.9	1.9	1.9	1.9	1.9	1000
2012-08-13	1.93	1.93	1.91	1.91	1.91	5200
2012-08-14	1.97	2.09	1.9	1.9	1.9	12400
2012-08-15	1.9	1.9	1.9	1.9	1.9	0
2012-08-16	1.95	1.95	1.95	1.95	1.95	100
2012-08-17	1.96	1.96	1.95	1.95	1.95	1800
2012-08-20	1.92	1.92	1.92	1.92	1.92	200
2012-08-21	1.92	1.92	1.92	1.92	1.92	0
2012-08-22	1.95	1.95	1.91	1.92	1.92	13200
2012-08-23	1.91	1.91	1.88	1.91	1.91	31000
2012-08-24	1.87	1.87	1.87	1.87	1.87	40300
2012-08-27	1.9	1.9	1.81	1.81	1.81	4500
2012-08-28	1.85	1.92	1.85	1.88	1.88	16700
2012-08-29	1.9	1.9	1.83	1.83	1.83	1800
2012-08-30	1.81	1.82	1.81	1.81	1.81	5800
2012-08-31	1.85	1.87	1.82	1.82	1.82	32900
2012-09-04	1.87	1.88	1.85	1.85	1.85	2900
2012-09-05	1.8	1.8	1.8	1.8	1.8	3000
2012-09-06	1.79	1.79	1.71	1.72	1.72	22100
2012-09-07	1.74	1.74	1.54	1.62	1.62	108500
2012-09-10	1.61	1.67	1.6	1.64	1.64	51200
2012-09-11	1.65	1.65	1.65	1.65	1.65	100
2012-09-12	1.67	1.67	1.64	1.67	1.67	27500
2012-09-13	1.67	1.68	1.67	1.67	1.67	43300
2012-09-14	1.68	1.68	1.67	1.67	1.67	24600
2012-09-17	1.7	1.77	1.7	1.75	1.75	11000
2012-09-18	1.75	1.75	1.73	1.75	1.75	2700
2012-09-19	1.74	1.76	1.72	1.75	1.75	24500
2012-09-20	1.77	1.87	1.77	1.83	1.83	18500
2012-09-21	1.79	1.83	1.7	1.7	1.7	20400
2012-09-24	1.75	1.78	1.75	1.78	1.78	7300
2012-09-25	1.78	1.78	1.76	1.76	1.76	1300
2012-09-26	1.75	1.75	1.75	1.75	1.75	5100
2012-09-27	1.73	1.78	1.64	1.78	1.78	5800
2012-09-28	1.78	1.8	1.75	1.76	1.76	67500
2012-10-01	1.76	1.76	1.76	1.76	1.76	0
2012-10-02	1.77	1.78	1.76	1.76	1.76	6300
2012-10-03	1.76	1.76	1.76	1.76	1.76	0
2012-10-04	1.78	1.88	1.78	1.85	1.85	6000
2012-10-05	1.82	1.84	1.78	1.78	1.78	6600
2012-10-08	1.8	1.85	1.8	1.85	1.85	3600
2012-10-09	1.81	1.81	1.77	1.79	1.79	11000
2012-10-10	1.77	1.85	1.7	1.76	1.76	20000
2012-10-11	1.78	1.78	1.78	1.78	1.78	6100
2012-10-12	1.76	1.78	1.75	1.76	1.76	15100
2012-10-15	1.77	1.78	1.75	1.77	1.77	8600
2012-10-16	1.76	1.8	1.65	1.78	1.78	29500
2012-10-17	1.77	1.77	1.76	1.76	1.76	1800
2012-10-18	1.75	1.75	1.72	1.73	1.73	2900
2012-10-19	1.73	1.74	1.71	1.73	1.73	10800
2012-10-22	1.69	1.71	1.69	1.71	1.71	4100
2012-10-23	1.67	1.7	1.6	1.7	1.7	387600
2012-10-24	1.69	1.69	1.66	1.66	1.66	12800
2012-10-25	1.66	1.66	1.65	1.65	1.65	6900
2012-10-26	1.65	1.65	1.61	1.63	1.63	11700
2012-10-31	1.6	1.63	1.6	1.62	1.62	43200
2012-11-01	1.6	1.6	1.5	1.52	1.52	38300
2012-11-02	1.54	1.64	1.54	1.62	1.62	29500
2012-11-05	1.62	1.62	1.62	1.62	1.62	0
2012-11-06	1.63	1.67	1.63	1.67	1.67	4900
2012-11-07	1.64	1.66	1.58	1.58	1.58	5100
2012-11-08	1.61	1.62	1.61	1.61	1.61	5300
2012-11-09	1.59	1.61	1.59	1.61	1.61	300
2012-11-12	1.6	1.64	1.6	1.64	1.64	10500
2012-11-13	1.64	1.64	1.64	1.64	1.64	0
2012-11-14	1.64	1.64	1.64	1.64	1.64	0
2012-11-15	1.62	1.62	1.62	1.62	1.62	400
2012-11-16	1.64	1.7	1.56	1.69	1.69	57000
2012-11-19	1.7	1.7	1.67	1.67	1.67	3100
2012-11-20	1.68	1.7	1.63	1.63	1.63	1400
2012-11-21	1.6	1.62	1.6	1.62	1.62	700
2012-11-23	1.62	1.62	1.62	1.62	1.62	0
2012-11-26	1.63	1.7	1.63	1.68	1.68	8300
2012-11-27	1.7	1.75	1.7	1.72	1.72	40000
2012-11-28	1.71	1.71	1.69	1.69	1.69	800
2012-11-29	1.69	1.69	1.69	1.69	1.69	3600
2012-11-30	1.7	1.72	1.7	1.7	1.7	20000
2012-12-03	1.7	1.7	1.68	1.68	1.68	1300
2012-12-04	1.7	1.71	1.61	1.61	1.61	21000
2012-12-05	1.6	1.6	1.53	1.55	1.55	27600
2012-12-06	1.55	1.55	1.53	1.53	1.53	11400
2012-12-07	1.53	1.54	1.52	1.54	1.54	12200
2012-12-10	1.54	1.54	1.54	1.54	1.54	800
2012-12-11	1.52	1.55	1.52	1.54	1.54	49300
2012-12-12	1.55	1.55	1.45	1.45	1.45	43300
2012-12-13	1.5	1.5	1.43	1.43	1.43	38700
2012-12-14	1.42	1.44	1.4	1.41	1.41	38600
2012-12-17	1.41	1.43	1.39	1.41	1.41	92300
2012-12-18	1.43	1.43	1.41	1.41	1.41	36800
2012-12-19	1.41	1.42	1.38	1.4	1.4	106700
2012-12-20	1.42	1.43	1.38	1.38	1.38	40300
2012-12-21	1.4	1.44	1.4	1.41	1.41	93500
2012-12-24	1.43	1.5	1.41	1.45	1.45	43300
2012-12-26	1.5	1.52	1.45	1.45	1.45	69900
2012-12-27	1.48	1.54	1.41	1.45	1.45	100800
2012-12-28	1.47	1.53	1.47	1.47	1.47	56000
2012-12-31	1.6	1.6	1.48	1.5	1.5	139800
2013-01-02	1.55	1.62	1.51	1.51	1.51	93500
2013-01-03	1.55	1.68	1.55	1.59	1.59	83600
2013-01-04	1.6	1.64	1.55	1.63	1.63	142200
2013-01-07	1.63	1.68	1.63	1.68	1.68	75700
2013-01-08	1.71	1.73	1.67	1.69	1.69	34100
2013-01-09	1.71	1.82	1.71	1.76	1.76	103500
2013-01-10	1.8	1.86	1.8	1.84	1.84	111800
2013-01-11	1.89	1.89	1.77	1.79	1.79	39300
2013-01-14	1.79	1.79	1.77	1.78	1.78	2000
2013-01-15	1.78	1.81	1.78	1.8	1.8	8800
2013-01-16	1.82	1.84	1.78	1.8	1.8	13200
2013-01-17	1.78	1.8	1.78	1.79	1.79	6200
2013-01-18	1.79	1.79	1.78	1.79	1.79	18500
2013-01-22	1.79	1.8	1.76	1.76	1.76	24700
2013-01-23	1.77	1.77	1.71	1.71	1.71	11900
2013-01-24	1.71	1.73	1.71	1.73	1.73	13500
2013-01-25	1.71	1.71	1.64	1.65	1.65	43300
2013-01-28	1.64	1.65	1.53	1.56	1.56	87600
2013-01-29	1.56	1.66	1.56	1.64	1.64	125300
2013-01-30	1.63	1.63	1.57	1.62	1.62	40300
2013-01-31	1.61	1.63	1.54	1.56	1.56	51200
2013-02-01	1.57	1.66	1.57	1.66	1.66	125000
2013-02-04	1.67	1.77	1.67	1.72	1.72	318300
2013-02-05	1.73	1.73	1.66	1.68	1.68	24800
2013-02-06	1.66	1.7	1.63	1.7	1.7	23800
2013-02-07	1.75	1.76	1.7	1.74	1.74	109500
2013-02-08	1.75	1.79	1.73	1.76	1.76	21000
2013-02-11	1.78	1.78	1.75	1.75	1.75	1400
2013-02-12	1.75	1.78	1.73	1.78	1.78	60100
2013-02-13	1.75	1.83	1.75	1.77	1.77	36900
2013-02-14	1.78	1.78	1.75	1.75	1.75	19200
2013-02-15	1.73	1.73	1.59	1.62	1.62	18600
2013-02-19	1.69	1.69	1.62	1.67	1.67	93000
2013-02-20	1.69	1.72	1.62	1.62	1.62	11800
2013-02-21	1.66	1.74	1.62	1.63	1.63	6800
2013-02-22	1.62	1.65	1.6	1.65	1.65	22000
2013-02-25	1.62	1.62	1.6	1.6	1.6	9900
2013-02-26	1.6	1.6	1.6	1.6	1.6	11900
2013-02-27	1.6	1.68	1.58	1.61	1.61	35500
2013-02-28	1.64	1.72	1.6	1.62	1.62	17500
2013-03-01	1.63	1.63	1.51	1.62	1.62	4700
2013-03-04	1.6	1.63	1.59	1.63	1.63	31500
2013-03-05	1.62	1.62	1.56	1.6	1.6	50400
2013-03-06	1.62	1.63	1.6	1.62	1.62	5400
2013-03-07	1.61	1.63	1.55	1.6	1.6	36700
2013-03-08	1.81	1.81	1.56	1.62	1.62	63700
2013-03-11	1.62	1.64	1.61	1.63	1.63	14600
2013-03-12	1.63	1.64	1.59	1.59	1.59	3800
2013-03-13	1.58	1.61	1.58	1.58	1.58	10200
2013-03-14	1.6	1.64	1.58	1.6	1.6	8200
2013-03-15	1.6	1.65	1.6	1.63	1.63	15200
2013-03-18	1.62	1.63	1.58	1.58	1.58	45100
2013-03-19	1.59	1.6	1.52	1.52	1.52	52900
2013-03-20	1.54	1.62	1.54	1.6	1.6	61400
2013-03-21	1.6	1.6	1.57	1.59	1.59	12100
2013-03-22	1.59	1.6	1.59	1.59	1.59	17500
2013-03-25	1.64	1.64	1.57	1.59	1.59	34600
2013-03-26	1.6	1.71	1.6	1.61	1.61	48000
2013-03-27	1.6	1.6	1.57	1.57	1.57	2500
2013-03-28	1.6	1.75	1.6	1.74	1.74	74600
2013-04-01	1.8	1.8	1.69	1.69	1.69	56400
2013-04-02	1.68	1.72	1.68	1.71	1.71	40200
2013-04-03	1.7	1.7	1.63	1.68	1.68	45100
2013-04-04	1.7	1.72	1.65	1.7	1.7	20900
2013-04-05	1.7	1.71	1.68	1.69	1.69	24400
2013-04-08	1.69	1.71	1.64	1.64	1.64	10500
2013-04-09	1.64	1.65	1.61	1.64	1.64	17700
2013-04-10	1.64	1.64	1.63	1.63	1.63	16100
2013-04-11	1.65	1.65	1.6	1.61	1.61	17700
2013-04-12	1.61	1.63	1.61	1.63	1.63	2700
2013-04-15	1.63	1.64	1.57	1.57	1.57	40300
2013-04-16	1.58	1.58	1.5	1.52	1.52	59900
2013-04-17	1.65	1.65	1.45	1.46	1.46	120800
2013-04-18	1.49	1.5	1.41	1.44	1.44	30800
2013-04-19	1.47	1.51	1.45	1.46	1.46	28500
2013-04-22	1.47	1.48	1.43	1.45	1.45	39700
2013-04-23	1.45	1.49	1.41	1.44	1.44	49400
2013-04-24	1.43	1.45	1.42	1.45	1.45	21800
2013-04-25	1.44	1.45	1.44	1.45	1.45	4100
2013-04-26	1.45	1.46	1.45	1.46	1.46	3500
2013-04-29	1.46	1.48	1.44	1.46	1.46	18000
2013-04-30	1.45	1.45	1.43	1.43	1.43	22100
2013-05-01	1.43	1.46	1.41	1.42	1.42	38300
2013-05-02	1.42	1.42	1.38	1.38	1.38	58200
2013-05-03	1.43	1.43	1.38	1.4	1.4	46500
2013-05-06	1.42	1.45	1.41	1.41	1.41	19200
2013-05-07	1.4	1.43	1.39	1.4	1.4	14900
2013-05-08	1.4	1.42	1.39	1.42	1.42	16300
2013-05-09	1.61	1.62	1.43	1.43	1.43	37200
2013-05-10	1.4	1.45	1.38	1.4	1.4	84800
2013-05-13	1.39	1.42	1.39	1.39	1.39	50400
2013-05-14	1.45	1.53	1.39	1.39	1.39	205900
2013-05-15	1.43	1.44	1.34	1.39	1.39	117000
2013-05-16	1.41	1.43	1.36	1.39	1.39	176200
2013-05-17	1.44	1.48	1.43	1.47	1.47	89700
2013-05-20	1.49	1.59	1.49	1.57	1.57	50800
2013-05-21	1.57	1.65	1.57	1.59	1.59	63800
2013-05-22	1.6	1.61	1.57	1.57	1.57	21500
2013-05-23	1.55	1.55	1.49	1.5	1.5	20200
2013-05-24	1.5	1.6	1.5	1.6	1.6	24000
2013-05-28	1.6	1.62	1.58	1.62	1.62	51700
2013-05-29	1.6	1.6	1.55	1.57	1.57	60000
2013-05-30	1.58	1.59	1.57	1.57	1.57	13300
2013-05-31	1.57	1.59	1.55	1.57	1.57	207900
2013-06-03	1.57	1.62	1.57	1.58	1.58	27900
2013-06-04	1.57	1.59	1.57	1.59	1.59	9900
2013-06-05	1.59	1.59	1.54	1.54	1.54	35900
2013-06-06	1.54	1.55	1.51	1.55	1.55	37500
2013-06-07	1.55	1.59	1.55	1.57	1.57	25200
2013-06-10	1.58	1.6	1.56	1.57	1.57	13300
2013-06-11	1.56	1.56	1.53	1.54	1.54	57300
2013-06-12	1.53	1.56	1.53	1.56	1.56	35300
2013-06-13	1.56	1.56	1.55	1.56	1.56	37400
2013-06-14	1.56	1.59	1.56	1.58	1.58	57200
2013-06-17	1.58	1.59	1.57	1.57	1.57	24100
2013-06-18	1.58	1.59	1.57	1.59	1.59	9300
2013-06-19	1.62	1.62	1.59	1.6	1.6	35600
2013-06-20	1.6	1.6	1.51	1.53	1.53	16000
2013-06-21	1.53	1.56	1.53	1.56	1.56	33400
2013-06-24	1.54	1.54	1.45	1.45	1.45	34700
2013-06-25	1.47	1.51	1.47	1.51	1.51	1400
2013-06-26	1.51	1.65	1.51	1.6	1.6	54200
2013-06-27	1.57	1.6	1.52	1.57	1.57	22300
2013-06-28	1.55	1.55	1.49	1.49	1.49	22800
2013-07-01	1.51	1.55	1.51	1.52	1.52	10100
2013-07-02	1.53	1.57	1.53	1.55	1.55	1000
2013-07-03	1.53	1.55	1.53	1.55	1.55	500
2013-07-05	1.52	1.55	1.51	1.54	1.54	31300
2013-07-08	1.53	1.54	1.52	1.54	1.54	1400
2013-07-09	1.52	1.53	1.51	1.51	1.51	17000
2013-07-10	1.49	1.5	1.49	1.5	1.5	10800
2013-07-11	1.48	1.5	1.48	1.5	1.5	3100
2013-07-12	1.51	1.51	1.48	1.5	1.5	12800
2013-07-15	1.48	1.51	1.48	1.49	1.49	11200
2013-07-16	1.5	1.55	1.5	1.53	1.53	8200
2013-07-17	1.56	1.56	1.56	1.56	1.56	100
2013-07-18	1.54	1.56	1.54	1.55	1.55	12200
2013-07-19	1.85	1.85	1.67	1.7	1.7	427300
2013-07-22	1.78	1.79	1.73	1.74	1.74	438300
2013-07-23	1.8	1.82	1.77	1.78	1.78	1086500
2013-07-24	1.82	1.83	1.79	1.8	1.8	880700
2013-07-25	1.81	1.83	1.79	1.81	1.81	560900
2013-07-26	1.81	1.81	1.78	1.78	1.78	78400
2013-07-29	1.81	1.81	1.75	1.75	1.75	146100
2013-07-30	1.76	1.79	1.7	1.7	1.7	202000
2013-07-31	1.6	1.6	1.45	1.5	1.5	936500
2013-08-01	1.44	1.5	1.41	1.46	1.46	227100
2013-08-02	1.46	1.48	1.45	1.46	1.46	72400
2013-08-05	1.45	1.48	1.45	1.46	1.46	58300
2013-08-06	1.49	1.49	1.47	1.48	1.48	33900
2013-08-07	1.46	1.51	1.46	1.47	1.47	43300
2013-08-08	1.48	1.48	1.46	1.47	1.47	37300
2013-08-09	1.5	1.5	1.46	1.48	1.48	61600
2013-08-12	1.46	1.48	1.46	1.47	1.47	12800
2013-08-13	1.47	1.47	1.4	1.42	1.42	198000
2013-08-14	1.4	1.42	1.4	1.41	1.41	129300
2013-08-15	1.42	1.42	1.33	1.36	1.36	120900
2013-08-16	1.37	1.42	1.37	1.41	1.41	18500
2013-08-19	1.42	1.44	1.37	1.42	1.42	61300
2013-08-20	1.42	1.43	1.37	1.42	1.42	34400
2013-08-21	1.39	1.39	1.38	1.38	1.38	20200
2013-08-22	1.33	1.41	1.32	1.37	1.37	30400
2013-08-23	1.37	1.41	1.37	1.41	1.41	3200
2013-08-26	1.4	1.41	1.38	1.38	1.38	4600
2013-08-27	1.36	1.4	1.35	1.39	1.39	14400
2013-08-28	1.37	1.38	1.37	1.38	1.38	18600
2013-08-29	1.36	1.4	1.35	1.36	1.36	45400
2013-08-30	1.37	1.4	1.36	1.37	1.37	30700
2013-09-03	1.47	1.47	1.36	1.41	1.41	55900
2013-09-04	1.42	1.46	1.36	1.41	1.41	91700
2013-09-05	1.44	1.48	1.4	1.47	1.47	21300
2013-09-06	1.44	1.47	1.43	1.43	1.43	7600
2013-09-09	1.41	1.43	1.38	1.4	1.4	10700
2013-09-10	1.39	1.43	1.38	1.41	1.41	57100
2013-09-11	1.38	1.42	1.37	1.38	1.38	13900
2013-09-12	1.44	1.44	1.37	1.37	1.37	5000
2013-09-13	1.37	1.41	1.37	1.37	1.37	18500
2013-09-16	1.41	1.41	1.35	1.37	1.37	25400
2013-09-17	1.36	1.38	1.36	1.37	1.37	40300
2013-09-18	1.39	1.41	1.37	1.4	1.4	83200
2013-09-19	1.4	1.4	1.37	1.37	1.37	22600
2013-09-20	1.37	1.41	1.37	1.41	1.41	19300
2013-09-23	1.41	1.41	1.35	1.36	1.36	56600
2013-09-24	1.36	1.4	1.29	1.35	1.35	211000
2013-09-25	1.35	1.35	1.3	1.35	1.35	41500
2013-09-26	1.32	1.34	1.3	1.3	1.3	57300
2013-09-27	1.3	1.32	1.29	1.3	1.3	213100
2013-09-30	1.28	1.33	1.27	1.28	1.28	42300
2013-10-01	1.28	1.3	1.28	1.3	1.3	9500
2013-10-02	1.3	1.32	1.3	1.32	1.32	28100
2013-10-03	1.35	1.54	1.35	1.52	1.52	364500
2013-10-04	1.47	1.54	1.42	1.49	1.49	49900
2013-10-07	1.45	1.48	1.38	1.41	1.41	14600
2013-10-08	1.44	1.44	1.39	1.44	1.44	14100
2013-10-09	1.42	1.47	1.4	1.44	1.44	33400
2013-10-10	1.42	1.45	1.4	1.43	1.43	2900
2013-10-11	1.44	1.46	1.42	1.46	1.46	9500
2013-10-14	1.46	1.47	1.44	1.46	1.46	30800
2013-10-15	1.44	1.44	1.44	1.44	1.44	11200
2013-10-16	1.44	1.53	1.44	1.52	1.52	71900
2013-10-17	1.46	1.52	1.45	1.51	1.51	4800
2013-10-18	1.5	1.52	1.48	1.52	1.52	11300
2013-10-21	1.53	1.53	1.45	1.46	1.46	39200
2013-10-22	1.49	1.55	1.43	1.48	1.48	346100
2013-10-23	1.44	1.48	1.43	1.46	1.46	6400
2013-10-24	1.45	1.52	1.45	1.47	1.47	16600
2013-10-25	1.47	1.48	1.46	1.47	1.47	19400
2013-10-28	1.47	1.49	1.47	1.47	1.47	18000
2013-10-29	1.48	1.48	1.47	1.48	1.48	7100
2013-10-30	1.5	1.5	1.5	1.5	1.5	9500
2013-10-31	1.49	1.5	1.47	1.5	1.5	11400
2013-11-01	1.49	1.51	1.46	1.5	1.5	75600
2013-11-04	1.5	1.57	1.47	1.57	1.57	89600
2013-11-05	1.55	1.6	1.54	1.57	1.57	17800
2013-11-06	1.56	1.64	1.56	1.6	1.6	96600
2013-11-07	1.61	1.61	1.55	1.57	1.57	63100
2013-11-08	1.58	1.58	1.54	1.56	1.56	19000
2013-11-11	1.54	1.62	1.54	1.57	1.57	9200
2013-11-12	1.6	1.62	1.51	1.57	1.57	29300
2013-11-13	1.61	1.64	1.54	1.61	1.61	102300
2013-11-14	1.6	1.64	1.58	1.64	1.64	146600
2013-11-15	1.64	1.64	1.61	1.64	1.64	225600
2013-11-18	1.65	1.79	1.61	1.74	1.74	260000
2013-11-19	1.72	1.72	1.69	1.71	1.71	41900
2013-11-20	1.73	1.75	1.7	1.7	1.7	49100
2013-11-21	1.72	1.75	1.7	1.72	1.72	190100
2013-11-22	1.72	1.75	1.7	1.75	1.75	143700
2013-11-25	1.79	1.84	1.75	1.79	1.79	179500
2013-11-26	1.84	1.89	1.78	1.87	1.87	113000
2013-11-27	1.87	1.92	1.8	1.9	1.9	359100
2013-11-29	1.9	1.94	1.9	1.9	1.9	34300
2013-12-02	1.9	2.1	1.9	2.08	2.08	323100
2013-12-03	2.13	2.24	2.08	2.18	2.18	205800
2013-12-04	2.21	2.21	2.11	2.16	2.16	86600
2013-12-05	2.16	2.3	2.08	2.18	2.18	215300
2013-12-06	2.25	2.27	2.11	2.17	2.17	151200
2013-12-09	2.22	2.24	2.14	2.14	2.14	221900
2013-12-10	2.14	2.2	2.14	2.14	2.14	127500
2013-12-11	2.17	2.21	2.14	2.21	2.21	80900
2013-12-12	2.01	2.17	2.01	2.15	2.15	84700
2013-12-13	2.15	2.2	2.15	2.16	2.16	17700
2013-12-16	2.13	2.17	2.09	2.12	2.12	106500
2013-12-17	2.12	2.12	2.07	2.11	2.11	21100
2013-12-18	2.1	2.11	2.09	2.11	2.11	19600
2013-12-19	2.1	2.11	2.1	2.11	2.11	42500
2013-12-20	2.11	2.14	2.11	2.13	2.13	64500
2013-12-23	2.14	2.14	2.12	2.14	2.14	67600
2013-12-24	2.14	2.16	2.13	2.15	2.15	52400
2013-12-26	2.15	2.15	2.13	2.15	2.15	31500
2013-12-27	2.09	2.17	2.09	2.15	2.15	18600
2013-12-30	2.08	2.15	2.08	2.13	2.13	38100
2013-12-31	2.11	2.15	2.11	2.14	2.14	17000
2014-01-02	2.06	2.14	2.06	2.12	2.12	21900
2014-01-03	2.08	2.14	2.08	2.14	2.14	69000
2014-01-06	2.15	2.19	2.15	2.16	2.16	30600
2014-01-07	2.16	2.16	2.12	2.14	2.14	9300
2014-01-08	2.14	2.16	2.1	2.15	2.15	33700
2014-01-09	2.15	2.18	2.15	2.18	2.18	22900
2014-01-10	2.18	2.21	2.16	2.17	2.17	34300
2014-01-13	2.17	2.2	2.1	2.17	2.17	25900
2014-01-14	2.17	2.2	2.16	2.18	2.18	25200
2014-01-15	2.2	2.2	2.16	2.2	2.2	55300
2014-01-16	2.21	2.35	2.17	2.31	2.31	111000
2014-01-17	2.38	2.38	2.33	2.35	2.35	55900
2014-01-21	2.4	2.5	2.37	2.4	2.4	236900
2014-01-22	2.44	2.88	2.44	2.5	2.5	234500
2014-01-23	2.5	2.5	2.48	2.5	2.5	90100
2014-01-24	2.5	2.5	2.45	2.5	2.5	108200
2014-01-27	2.5	2.5	2.48	2.5	2.5	99900
2014-01-28	2.5	2.75	2.48	2.53	2.53	192100
2014-01-29	2.6	2.67	2.53	2.66	2.66	115300
2014-01-30	2.68	2.98	2.67	2.81	2.81	403200
2014-01-31	2.85	3.0	2.82	2.98	2.98	356200
2014-02-03	2.98	3.05	2.51	2.61	2.61	499900
2014-02-04	2.52	2.65	2.52	2.63	2.63	70800
2014-02-05	2.63	2.66	2.5	2.51	2.51	53400
2014-02-06	2.46	2.56	2.4	2.4	2.4	84500
2014-02-07	2.35	2.41	2.24	2.31	2.31	143700
2014-02-10	2.36	2.4	2.28	2.32	2.32	92700
2014-02-11	2.32	2.37	2.31	2.37	2.37	14000
2014-02-12	2.37	2.4	2.35	2.4	2.4	21500
2014-02-13	2.38	2.72	2.38	2.62	2.62	85200
2014-02-14	2.69	2.75	2.67	2.68	2.68	75900
2014-02-18	2.64	2.75	2.63	2.66	2.66	57200
2014-02-19	2.65	2.74	2.57	2.6	2.6	24900
2014-02-20	2.62	2.7	2.52	2.64	2.64	13700
2014-02-21	2.63	2.72	2.63	2.67	2.67	12300
2014-02-24	2.8	2.98	2.79	2.94	2.94	124000
2014-02-25	2.94	2.94	2.84	2.9	2.9	60100
2014-02-26	2.78	2.92	2.67	2.69	2.69	47000
2014-02-27	2.68	2.78	2.6	2.7	2.7	46200
2014-02-28	2.66	2.78	2.64	2.64	2.64	25600
2014-03-03	2.65	2.77	2.65	2.68	2.68	32600
2014-03-04	2.67	2.75	2.61	2.71	2.71	46800
2014-03-05	2.67	2.7	2.65	2.68	2.68	10100
2014-03-06	2.66	2.67	2.6	2.66	2.66	29100
2014-03-07	2.6	2.86	2.6	2.85	2.85	81700
2014-03-10	2.85	2.94	2.8	2.94	2.94	67900
2014-03-11	2.98	2.98	2.76	2.88	2.88	105600
2014-03-12	2.9	2.9	2.66	2.82	2.82	291600
2014-03-13	2.85	2.9	2.71	2.73	2.73	109900
2014-03-14	2.75	2.85	2.75	2.84	2.84	30200
2014-03-17	2.85	2.93	2.67	2.74	2.74	117600
2014-03-18	2.6	2.85	2.6	2.85	2.85	16300
2014-03-19	2.84	2.84	2.71	2.79	2.79	11800
2014-03-20	2.81	2.81	2.7	2.78	2.78	33200
2014-03-21	2.8	2.84	2.75	2.75	2.75	31600
2014-03-24	2.81	2.84	2.74	2.74	2.74	36900
2014-03-25	2.75	2.78	2.72	2.75	2.75	15400
2014-03-26	2.75	2.79	2.7	2.77	2.77	13700
2014-03-27	2.7	2.73	2.7	2.71	2.71	32600
2014-03-28	2.75	2.75	2.71	2.75	2.75	21700
2014-03-31	2.8	2.82	2.73	2.78	2.78	20000
2014-04-01	2.84	2.84	2.75	2.77	2.77	12700
2014-04-02	2.81	2.82	2.74	2.82	2.82	10900
2014-04-03	2.78	2.81	2.7	2.7	2.7	30500
2014-04-04	2.7	2.82	2.7	2.7	2.7	25100
2014-04-07	2.7	2.78	2.7	2.72	2.72	10800
2014-04-08	2.71	2.75	2.69	2.75	2.75	32500
2014-04-09	2.71	2.74	2.7	2.74	2.74	15400
2014-04-10	2.74	2.74	2.7	2.74	2.74	6800
2014-04-11	2.71	2.74	2.69	2.69	2.69	32900
2014-04-14	2.69	2.8	2.69	2.7	2.7	62400
2014-04-15	2.78	2.78	2.62	2.62	2.62	90600
2014-04-16	2.6	2.69	2.6	2.66	2.66	60300
2014-04-17	2.77	2.77	2.66	2.66	2.66	35200
2014-04-21	2.67	2.8	2.67	2.76	2.76	46700
2014-04-22	2.8	2.94	2.74	2.9	2.9	86400
2014-04-23	2.93	2.98	2.88	2.98	2.98	121600
2014-04-24	2.96	2.99	2.89	2.99	2.99	31400
2014-04-25	2.99	2.99	2.84	2.9	2.9	21900
2014-04-28	2.95	2.96	2.89	2.94	2.94	30800
2014-04-29	2.9	2.95	2.88	2.9	2.9	14800
2014-04-30	2.89	2.93	2.82	2.82	2.82	62600
2014-05-01	2.9	2.95	2.88	2.88	2.88	84500
2014-05-02	2.86	2.89	2.82	2.83	2.83	30500
2014-05-05	2.94	2.95	2.76	2.77	2.77	88900
2014-05-06	2.83	2.86	2.78	2.86	2.86	36900
2014-05-07	2.83	2.85	2.77	2.85	2.85	51700
2014-05-08	2.82	2.82	2.77	2.78	2.78	71900
2014-05-09	2.78	2.88	2.76	2.82	2.82	32400
2014-05-12	2.8	2.9	2.8	2.83	2.83	62500
2014-05-13	2.82	2.82	2.76	2.76	2.76	18900
2014-05-14	2.75	2.86	2.75	2.78	2.78	40700
2014-05-15	2.91	2.94	2.8	2.83	2.83	71000
2014-05-16	2.88	2.94	2.8	2.9	2.9	17100
2014-05-19	2.9	2.9	2.8	2.82	2.82	9900
2014-05-20	2.8	2.82	2.72	2.8	2.8	16900
2014-05-21	2.8	2.8	2.74	2.75	2.75	17000
2014-05-22	2.74	2.75	2.71	2.75	2.75	18100
2014-05-23	2.7	2.76	2.66	2.71	2.71	35400
2014-05-27	2.75	2.81	2.69	2.74	2.74	46100
2014-05-28	2.72	2.79	2.71	2.73	2.73	7500
2014-05-29	2.79	2.79	2.7	2.75	2.75	1400
2014-05-30	2.75	2.85	2.67	2.8	2.8	18800
2014-06-02	2.74	2.82	2.72	2.8	2.8	6600
2014-06-03	2.77	2.88	2.72	2.75	2.75	24400
2014-06-04	2.73	2.78	2.72	2.78	2.78	2100
2014-06-05	2.73	2.79	2.73	2.79	2.79	7400
2014-06-06	2.75	2.76	2.73	2.75	2.75	20900
2014-06-09	2.74	2.81	2.68	2.74	2.74	22300
2014-06-10	2.7	2.74	2.7	2.71	2.71	10100
2014-06-11	2.67	2.7	2.63	2.65	2.65	15300
2014-06-12	2.65	2.72	2.65	2.66	2.66	9300
2014-06-13	2.72	2.72	2.66	2.66	2.66	8300
2014-06-16	2.72	2.72	2.63	2.68	2.68	7800
2014-06-17	2.57	2.69	2.56	2.61	2.61	22100
2014-06-18	2.64	2.71	2.6	2.61	2.61	6100
2014-06-19	2.6	2.72	2.6	2.65	2.65	29600
2014-06-20	2.64	2.64	2.6	2.64	2.64	17500
2014-06-23	2.61	2.64	2.6	2.61	2.61	18200
2014-06-24	2.6	2.64	2.6	2.61	2.61	8100
2014-06-25	2.6	2.61	2.6	2.61	2.61	900
2014-06-26	2.6	2.69	2.6	2.61	2.61	16500
2014-06-27	2.6	2.8	2.6	2.8	2.8	28200
2014-06-30	2.79	2.79	2.64	2.65	2.65	12900
2014-07-01	2.61	2.75	2.61	2.7	2.7	14300
2014-07-02	2.63	2.7	2.63	2.65	2.65	18700
2014-07-03	2.67	2.68	2.66	2.66	2.66	3100
2014-07-07	2.6	2.74	2.6	2.69	2.69	8900
2014-07-08	2.75	2.75	2.63	2.67	2.67	8800
2014-07-09	2.64	2.76	2.64	2.67	2.67	5300
2014-07-10	2.62	2.75	2.61	2.74	2.74	1800
2014-07-11	2.67	2.76	2.66	2.68	2.68	2900
2014-07-14	2.7	2.77	2.68	2.71	2.71	48600
2014-07-15	2.73	2.73	2.6	2.73	2.73	101600
2014-07-16	2.75	2.75	2.73	2.73	2.73	1900
2014-07-17	2.68	2.75	2.61	2.71	2.71	16200
2014-07-18	2.72	2.77	2.69	2.7	2.7	2700
2014-07-21	2.61	2.72	2.61	2.65	2.65	11500
2014-07-22	2.65	2.83	2.65	2.7	2.7	73800
2014-07-23	2.69	2.73	2.66	2.73	2.73	6800
2014-07-24	2.65	2.82	2.65	2.82	2.82	40200
2014-07-25	2.83	2.83	2.75	2.8	2.8	261600
2014-07-28	2.8	2.84	2.75	2.75	2.75	10300
2014-07-29	2.79	2.79	2.76	2.79	2.79	24700
2014-07-30	2.75	2.79	2.74	2.77	2.77	14900
2014-07-31	2.74	2.81	2.74	2.78	2.78	94800
2014-08-01	2.7	2.72	2.63	2.67	2.67	81700
2014-08-04	2.67	2.8	2.67	2.72	2.72	5400
2014-08-05	2.73	2.8	2.7	2.71	2.71	15800
2014-08-06	2.71	2.75	2.71	2.71	2.71	9700
2014-08-07	2.72	2.72	2.71	2.72	2.72	1800
2014-08-08	2.7	2.74	2.7	2.73	2.73	36800
2014-08-11	2.73	2.76	2.71	2.75	2.75	35100
2014-08-12	2.75	2.79	2.75	2.78	2.78	6700
2014-08-13	2.8	2.86	2.79	2.85	2.85	33200
2014-08-14	2.84	2.9	2.84	2.89	2.89	42500
2014-08-15	2.89	2.9	2.79	2.84	2.84	22100
2014-08-18	2.87	2.94	2.79	2.81	2.81	68500
2014-08-19	2.82	2.83	2.79	2.79	2.79	47100
2014-08-20	2.79	2.82	2.76	2.8	2.8	19500
2014-08-21	2.81	2.83	2.79	2.82	2.82	36000
2014-08-22	2.82	2.85	2.78	2.79	2.79	10600
2014-08-25	2.8	2.87	2.8	2.82	2.82	22100
2014-08-26	2.83	2.84	2.78	2.78	2.78	15100
2014-08-27	2.8	2.82	2.71	2.81	2.81	150200
2014-08-28	2.8	2.82	2.77	2.79	2.79	10900
2014-08-29	2.79	2.82	2.75	2.8	2.8	27700
2014-09-02	2.83	2.88	2.79	2.86	2.86	17500
2014-09-03	2.83	2.88	2.82	2.82	2.82	10600
2014-09-04	2.84	2.88	2.82	2.82	2.82	4400
2014-09-05	2.8	2.85	2.79	2.84	2.84	13400
2014-09-08	2.81	2.95	2.8	2.92	2.92	38500
2014-09-09	2.94	2.94	2.89	2.92	2.92	34000
2014-09-10	2.94	3.2	2.93	3.05	3.05	336400
2014-09-11	3.05	3.08	2.76	2.9	2.9	154300
2014-09-12	2.98	3.05	2.9	2.95	2.95	29900
2014-09-15	2.88	2.96	2.88	2.96	2.96	25100
2014-09-16	2.92	3.03	2.91	3.02	3.02	93500
2014-09-17	3.01	3.1	2.96	3.02	3.02	259700
2014-09-18	3.1	3.2	3.06	3.19	3.19	179100
2014-09-19	3.22	3.25	3.03	3.1	3.1	132700
2014-09-22	3.14	3.19	2.91	2.98	2.98	61100
2014-09-23	2.95	3.03	2.93	2.96	2.96	48000
2014-09-24	2.96	3.05	2.93	3.04	3.04	39000
2014-09-25	3.07	3.08	2.96	3.01	3.01	64800
2014-09-26	3.02	3.1	2.96	3.1	3.1	52100
2014-09-29	3.11	3.15	3.0	3.09	3.09	55000
2014-09-30	3.12	3.2	3.05	3.14	3.14	98400
2014-10-01	3.13	3.18	3.08	3.14	3.14	95800
2014-10-02	3.12	3.15	3.08	3.13	3.13	21900
2014-10-03	3.16	3.21	3.15	3.15	3.15	246000
2014-10-06	3.25	3.5	3.18	3.45	3.45	383100
2014-10-07	3.47	3.74	3.47	3.59	3.59	708700
2014-10-08	3.7	3.7	3.3	3.55	3.55	236600
2014-10-09	3.63	3.63	3.47	3.53	3.53	90900
2014-10-10	3.5	3.54	3.42	3.52	3.52	54700
2014-10-13	3.47	3.52	3.3	3.44	3.44	170800
2014-10-14	3.54	3.54	3.37	3.43	3.43	132200
2014-10-15	3.35	3.42	3.15	3.26	3.26	109400
2014-10-16	3.23	3.42	3.23	3.39	3.39	125600
2014-10-17	3.43	3.56	3.39	3.56	3.56	219000
2014-10-20	3.61	3.7	3.32	3.32	3.32	118100
2014-10-21	3.36	3.53	3.34	3.43	3.43	100100
2014-10-22	3.45	3.46	3.36	3.44	3.44	38800
2014-10-23	3.47	3.7	3.44	3.63	3.63	214600
2014-10-24	3.68	4.0	3.61	3.99	3.99	546900
2014-10-27	3.91	4.35	3.82	4.29	4.29	1083400
2014-10-28	4.36	4.5	3.92	4.12	4.12	946600
2014-10-29	4.14	4.3	3.95	4.07	4.07	322500
2014-10-30	4.08	4.1	3.86	3.99	3.99	170900
2014-10-31	4.05	4.13	3.83	3.94	3.94	186900
2014-11-03	3.98	4.06	3.9	3.95	3.95	106900
2014-11-04	3.96	4.1	3.93	4.1	4.1	106500
2014-11-05	4.15	4.24	3.85	3.95	3.95	229400
2014-11-06	3.98	3.98	3.35	3.49	3.49	484400
2014-11-07	3.59	3.65	3.34	3.49	3.49	163300
2014-11-10	3.47	3.51	2.56	2.97	2.97	547600
2014-11-11	2.82	2.99	2.82	2.93	2.93	199200
2014-11-12	2.94	2.94	2.84	2.91	2.91	60900
2014-11-13	2.89	2.94	2.71	2.79	2.79	241600
2014-11-14	2.77	2.93	2.75	2.8	2.8	305500
2014-11-17	2.69	2.89	2.69	2.85	2.85	211100
2014-11-18	2.8	3.11	2.8	2.84	2.84	309700
2014-11-19	2.83	2.93	2.74	2.85	2.85	123400
2014-11-20	2.83	2.88	2.75	2.85	2.85	102000
2014-11-21	2.93	2.93	2.73	2.78	2.78	194000
2014-11-24	2.85	2.91	2.81	2.9	2.9	61300
2014-11-25	2.91	2.91	2.86	2.87	2.87	20700
2014-11-26	2.85	2.9	2.72	2.84	2.84	133700
2014-11-28	2.82	2.85	2.75	2.76	2.76	31000
2014-12-01	2.83	2.83	2.66	2.66	2.66	99800
2014-12-02	2.69	2.71	2.67	2.71	2.71	179100
2014-12-03	2.67	2.8	2.67	2.75	2.75	119200
2014-12-04	2.69	2.75	2.65	2.65	2.65	98600
2014-12-05	2.68	2.77	2.65	2.71	2.71	149100
2014-12-08	2.7	2.77	2.65	2.68	2.68	69800
2014-12-09	2.68	2.76	2.67	2.7	2.7	40100
2014-12-10	2.71	2.85	2.69	2.73	2.73	60100
2014-12-11	2.75	2.91	2.75	2.77	2.77	95200
2014-12-12	2.73	2.78	2.7	2.74	2.74	78200
2014-12-15	2.72	2.81	2.7	2.72	2.72	38600
2014-12-16	2.7	2.85	2.7	2.75	2.75	184400
2014-12-17	2.79	2.85	2.75	2.78	2.78	25100
2014-12-18	2.81	2.85	2.77	2.78	2.78	19600
2014-12-19	2.8	3.18	2.74	3.18	3.18	155300
2014-12-22	3.16	3.16	2.86	2.89	2.89	37000
2014-12-23	2.81	2.88	2.75	2.87	2.87	17500
2014-12-24	2.85	2.85	2.76	2.83	2.83	9400
2014-12-26	2.83	3.07	2.83	3.07	3.07	52600
2014-12-29	3.09	3.13	2.9	2.99	2.99	21800
2014-12-30	2.95	3.0	2.88	3.0	3.0	11500
2014-12-31	2.97	3.15	2.92	3.15	3.15	32000
2015-01-02	3.04	3.15	2.87	2.93	2.93	36700
2015-01-05	2.93	2.93	2.75	2.8	2.8	97500
2015-01-06	2.74	2.82	2.65	2.69	2.69	196500
2015-01-07	2.72	2.9	2.67	2.67	2.67	103300
2015-01-08	2.72	2.72	2.67	2.69	2.69	69600
2015-01-09	2.67	2.77	2.67	2.68	2.68	16700
2015-01-12	2.68	2.8	2.65	2.74	2.74	159300
2015-01-13	2.74	2.8	2.69	2.71	2.71	90000
2015-01-14	2.73	2.89	2.71	2.8	2.8	62600
2015-01-15	2.9	2.92	2.76	2.78	2.78	21800
2015-01-16	2.82	2.82	2.78	2.8	2.8	17000
2015-01-20	2.8	2.82	2.76	2.78	2.78	18000
2015-01-21	2.76	2.8	2.76	2.79	2.79	8800
2015-01-22	2.78	2.8	2.76	2.78	2.78	16800
2015-01-23	2.76	2.83	2.76	2.79	2.79	18200
2015-01-26	2.76	2.87	2.76	2.76	2.76	17200
2015-01-27	2.79	2.86	2.79	2.86	2.86	10900
2015-01-28	2.89	2.89	2.76	2.76	2.76	11300
2015-01-29	2.78	2.78	2.67	2.71	2.71	31700
2015-01-30	2.65	2.81	2.65	2.76	2.76	47700
2015-02-02	2.7	2.75	2.47	2.67	2.67	77500
2015-02-03	2.73	2.75	2.64	2.68	2.68	44500
2015-02-04	2.77	2.79	2.65	2.71	2.71	9100
2015-02-05	2.71	2.78	2.67	2.73	2.73	41800
2015-02-06	2.76	2.8	2.69	2.77	2.77	11500
2015-02-09	2.74	2.8	2.65	2.75	2.75	7700
2015-02-10	2.72	2.75	2.68	2.7	2.7	12000
2015-02-11	2.72	2.74	2.68	2.7	2.7	7300
2015-02-12	2.68	2.73	2.67	2.71	2.71	23700
2015-02-13	2.75	2.75	2.64	2.72	2.72	15000
2015-02-17	2.75	2.75	2.72	2.74	2.74	17100
2015-02-18	2.75	2.78	2.72	2.72	2.72	23600
2015-02-19	2.7	2.7	2.65	2.67	2.67	82700
2015-02-20	2.65	2.7	2.65	2.65	2.65	71600
2015-02-23	2.68	2.7	2.64	2.7	2.7	11600
2015-02-24	2.63	2.67	2.63	2.64	2.64	11500
2015-02-25	2.63	2.65	2.63	2.65	2.65	5200
2015-02-26	2.69	2.69	2.64	2.65	2.65	9800
2015-02-27	2.65	2.66	2.63	2.64	2.64	22200
2015-03-02	2.63	2.66	2.6	2.62	2.62	29900
2015-03-03	2.61	2.62	2.6	2.6	2.6	25100
2015-03-04	2.56	2.58	2.53	2.53	2.53	52700
2015-03-05	2.53	2.53	2.46	2.47	2.47	45100
2015-03-06	2.54	2.67	2.43	2.67	2.67	89800
2015-03-09	2.69	2.75	2.65	2.69	2.69	63900
2015-03-10	2.69	2.69	2.55	2.61	2.61	63200
2015-03-11	2.61	2.68	2.6	2.6	2.6	12300
2015-03-12	2.6	2.62	2.57	2.58	2.58	31900
2015-03-13	2.6	2.69	2.6	2.68	2.68	50800
2015-03-16	2.69	2.69	2.6	2.64	2.64	21400
2015-03-17	2.64	2.65	2.6	2.63	2.63	37800
2015-03-18	2.66	2.67	2.61	2.64	2.64	15700
2015-03-19	2.65	2.7	2.64	2.69	2.69	19400
2015-03-20	2.69	2.69	2.64	2.65	2.65	28300
2015-03-23	2.61	2.69	2.61	2.65	2.65	28000
2015-03-24	2.65	2.71	2.64	2.7	2.7	45300
2015-03-25	2.71	2.8	2.6	2.69	2.69	153300
2015-03-26	2.66	2.88	2.66	2.86	2.86	74200
2015-03-27	2.88	2.88	2.76	2.83	2.83	39400
2015-03-30	2.87	2.94	2.78	2.78	2.78	49000
2015-03-31	2.73	2.81	2.71	2.71	2.71	39500
2015-04-01	2.75	2.99	2.73	2.88	2.88	32900
2015-04-02	2.92	3.0	2.92	2.98	2.98	52500
2015-04-06	2.96	2.99	2.8	2.8	2.8	110400
2015-04-07	2.88	2.92	2.84	2.84	2.84	20200
2015-04-08	2.93	2.99	2.81	2.87	2.87	37700
2015-04-09	2.92	2.92	2.85	2.88	2.88	15600
2015-04-10	2.85	2.97	2.84	2.97	2.97	18300
2015-04-13	3.0	3.0	2.9	2.95	2.95	35700
2015-04-14	2.95	2.96	2.87	2.95	2.95	8100
2015-04-15	2.92	2.97	2.91	2.95	2.95	15500
2015-04-16	2.99	3.27	2.99	3.15	3.15	145000
2015-04-17	3.15	3.25	3.15	3.2	3.2	31300
2015-04-20	3.17	3.25	3.14	3.2	3.2	51500
2015-04-21	3.16	3.24	3.1	3.15	3.15	31600
2015-04-22	3.15	3.25	3.15	3.22	3.22	22500
2015-04-23	3.2	3.21	3.16	3.16	3.16	22800
2015-04-24	3.22	3.26	3.19	3.26	3.26	65600
2015-04-27	3.32	3.42	3.18	3.23	3.23	39700
2015-04-28	3.16	3.2	3.12	3.12	3.12	59400
2015-04-29	3.1	3.15	3.05	3.13	3.13	21700
2015-04-30	3.06	3.09	3.06	3.07	3.07	9200
2015-05-01	3.09	3.15	3.05	3.1	3.1	32500
2015-05-04	3.05	3.2	3.05	3.15	3.15	32000
2015-05-05	3.14	3.21	3.05	3.12	3.12	24400
2015-05-06	3.15	3.26	3.13	3.16	3.16	11000
2015-05-07	3.24	3.24	3.1	3.12	3.12	12900
2015-05-08	3.12	3.26	3.12	3.17	3.17	8100
2015-05-11	3.17	3.26	3.13	3.14	3.14	39000
2015-05-12	3.15	3.25	3.12	3.2	3.2	17800
2015-05-13	3.07	3.13	2.86	2.91	2.91	54200
2015-05-14	2.96	2.97	2.92	2.92	2.92	22000
2015-05-15	2.94	3.26	2.94	3.2	3.2	27700
2015-05-18	3.21	3.23	3.1	3.12	3.12	17300
2015-05-19	3.08	3.22	3.08	3.09	3.09	38100
2015-05-20	3.08	3.17	3.05	3.07	3.07	52000
2015-05-21	3.15	3.15	3.06	3.15	3.15	5300
2015-05-22	3.06	3.15	3.06	3.15	3.15	5200
2015-05-26	3.18	3.18	3.04	3.15	3.15	13500
2015-05-27	3.15	3.25	3.14	3.15	3.15	21400
2015-05-28	3.15	3.15	3.15	3.15	3.15	1100
2015-05-29	3.17	3.21	3.15	3.17	3.17	10900
2015-06-01	3.2	3.2	3.18	3.19	3.19	3800
2015-06-02	3.2	3.2	3.1	3.12	3.12	16600
2015-06-03	3.13	3.14	3.1	3.1	3.1	3200
2015-06-04	3.11	3.2	3.1	3.16	3.16	40400
2015-06-05	3.16	3.19	3.11	3.19	3.19	700
2015-06-08	3.19	3.2	3.17	3.17	3.17	12100
2015-06-09	3.16	3.19	3.1	3.1	3.1	9900
2015-06-10	3.1	3.2	3.06	3.14	3.14	17000
2015-06-11	3.17	3.2	3.14	3.17	3.17	16200
2015-06-12	3.27	3.3	3.16	3.25	3.25	27200
2015-06-15	3.25	3.25	3.12	3.18	3.18	18000
2015-06-16	3.13	3.25	3.13	3.24	3.24	43800
2015-06-17	3.26	3.28	3.12	3.24	3.24	103700
2015-06-18	3.22	3.25	3.18	3.24	3.24	65600
2015-06-19	3.25	3.4	3.25	3.28	3.28	47900
2015-06-22	3.26	3.32	3.25	3.28	3.28	18400
2015-06-23	3.25	3.3	3.25	3.3	3.3	16900
2015-06-24	3.3	3.3	3.27	3.3	3.3	8500
2015-06-25	3.28	3.28	3.25	3.25	3.25	13700
2015-06-26	3.24	3.29	3.24	3.29	3.29	10700
2015-06-29	3.19	3.25	3.19	3.2	3.2	21300
2015-06-30	3.17	3.29	3.17	3.19	3.19	7000
2015-07-01	3.28	3.29	3.21	3.25	3.25	1800
2015-07-02	3.25	3.29	3.21	3.29	3.29	4500
2015-07-06	3.28	3.29	3.15	3.15	3.15	25800
2015-07-07	3.22	3.3	3.2	3.26	3.26	29200
2015-07-08	3.25	3.26	3.21	3.23	3.23	6600
2015-07-09	3.17	3.2	3.06	3.18	3.18	39100
2015-07-10	3.16	3.27	3.15	3.17	3.17	6400
2015-07-13	3.15	3.27	3.15	3.19	3.19	6700
2015-07-14	3.15	3.23	3.08	3.19	3.19	8100
2015-07-15	3.17	3.24	3.1	3.17	3.17	13100
2015-07-16	3.12	3.15	3.05	3.1	3.1	13500
2015-07-17	3.12	3.12	3.07	3.09	3.09	8700
2015-07-20	3.09	3.17	3.09	3.1	3.1	7200
2015-07-21	3.18	3.18	3.14	3.15	3.15	1100
2015-07-22	3.1	3.15	3.09	3.09	3.09	16000
2015-07-23	3.14	3.14	3.07	3.1	3.1	13400
2015-07-24	3.14	3.14	3.12	3.12	3.12	11700
2015-07-27	3.09	3.15	3.09	3.14	3.14	6400
2015-07-28	3.11	3.16	3.1	3.12	3.12	11700
2015-07-29	3.09	3.1	3.09	3.1	3.1	1000
2015-07-30	3.14	3.2	3.14	3.16	3.16	27400
2015-07-31	3.09	3.16	3.09	3.14	3.14	4400
2015-08-03	3.1	3.18	3.03	3.07	3.07	6900
2015-08-04	3.11	3.12	3.02	3.12	3.12	9800
2015-08-05	3.06	3.14	3.04	3.1	3.1	7000
2015-08-06	3.07	3.17	3.01	3.14	3.14	10000
2015-08-07	3.06	3.1	2.85	2.93	2.93	36900
2015-08-10	2.89	3.15	2.82	3.09	3.09	15600
2015-08-11	3.05	3.15	2.92	3.0	3.0	13300
2015-08-12	2.99	3.15	2.99	3.05	3.05	3200
2015-08-13	3.03	3.14	3.02	3.08	3.08	29000
2015-08-14	2.22	3.08	2.22	2.85	2.85	165700
2015-08-17	2.92	2.95	2.85	2.85	2.85	12100
2015-08-18	2.92	2.95	2.9	2.9	2.9	46300
2015-08-19	2.9	2.94	2.9	2.91	2.91	15100
2015-08-20	2.9	2.93	2.9	2.91	2.91	27300
2015-08-21	2.9	2.94	2.87	2.88	2.88	35200
2015-08-24	2.85	2.9	2.65	2.77	2.77	69600
2015-08-25	2.79	2.88	2.66	2.68	2.68	9800
2015-08-26	2.85	2.87	2.75	2.8	2.8	6100
2015-08-27	2.87	2.87	2.78	2.87	2.87	10100
2015-08-28	2.87	2.87	2.76	2.8	2.8	11300
2015-08-31	2.83	2.86	2.76	2.8	2.8	37600
2015-09-01	2.76	2.8	2.71	2.79	2.79	16100
2015-09-02	2.85	2.85	2.8	2.8	2.8	10400
2015-09-03	2.75	2.82	2.75	2.82	2.82	3000
2015-09-04	2.75	2.82	2.75	2.8	2.8	10300
2015-09-08	2.71	2.78	2.66	2.77	2.77	18100
2015-09-09	2.75	2.78	2.74	2.76	2.76	19700
2015-09-10	2.76	2.81	2.76	2.8	2.8	9900
2015-09-11	2.76	2.85	2.76	2.8	2.8	16400
2015-09-14	2.8	2.82	2.7	2.73	2.73	12600
2015-09-15	2.7	2.81	2.7	2.71	2.71	3800
2015-09-16	2.71	2.81	2.71	2.73	2.73	8400
2015-09-17	2.82	2.82	2.73	2.73	2.73	2600
2015-09-18	2.74	2.98	2.71	2.98	2.98	66800
2015-09-21	2.87	2.89	2.73	2.73	2.73	6800
2015-09-22	2.71	2.74	2.71	2.72	2.72	6500
2015-09-23	2.71	2.75	2.71	2.73	2.73	2000
2015-09-24	2.73	2.73	2.71	2.71	2.71	4500
2015-09-25	2.71	2.74	2.7	2.7	2.7	6700
2015-09-28	2.7	2.84	2.7	2.75	2.75	4300
2015-09-29	2.78	2.85	2.71	2.72	2.72	5500
2015-09-30	2.71	2.84	2.71	2.76	2.76	4400
2015-10-01	2.73	2.86	2.7	2.7	2.7	7900
2015-10-02	2.7	2.81	2.7	2.71	2.71	4600
2015-10-05	2.71	2.86	2.71	2.72	2.72	4000
2015-10-06	2.8	2.83	2.71	2.79	2.79	4000
2015-10-07	2.77	3.02	2.73	2.98	2.98	17900
2015-10-08	2.99	3.0	2.8	2.96	2.96	13100
2015-10-09	2.98	2.98	2.87	2.97	2.97	500
2015-10-12	2.92	2.92	2.77	2.83	2.83	4400
2015-10-13	2.82	2.83	2.76	2.83	2.83	95500
2015-10-14	2.85	2.85	2.85	2.85	2.85	300
2015-10-15	2.92	2.99	2.7	2.9	2.9	27600
2015-10-16	2.78	2.9	2.75	2.87	2.87	8200
2015-10-19	2.87	2.87	2.87	2.87	2.87	0
2015-10-20	2.92	2.92	2.91	2.91	2.91	800
2015-10-21	2.84	2.88	2.8	2.88	2.88	4500
2015-10-22	2.87	2.96	2.75	2.76	2.76	14400
2015-10-23	2.72	2.85	2.72	2.76	2.76	1100
2015-10-26	2.75	2.79	2.67	2.76	2.76	69600
2015-10-27	2.72	2.82	2.72	2.72	2.72	5500
2015-10-28	2.83	2.89	2.72	2.78	2.78	7800
2015-10-29	2.71	2.78	2.7	2.78	2.78	4000
2015-10-30	2.78	2.81	2.71	2.72	2.72	5600
2015-11-02	2.7	2.81	2.7	2.81	2.81	4200
2015-11-03	2.76	2.8	2.7	2.79	2.79	11600
2015-11-04	2.73	2.81	2.73	2.81	2.81	10200
2015-11-05	2.74	2.99	2.73	2.79	2.79	75500
2015-11-06	2.8	2.92	2.77	2.83	2.83	9800
2015-11-09	2.78	2.81	2.72	2.72	2.72	12200
2015-11-10	2.7	2.8	2.7	2.72	2.72	27300
2015-11-11	2.7	2.73	2.7	2.73	2.73	22800
2015-11-12	2.88	3.02	2.85	2.9	2.9	108300
2015-11-13	2.96	3.0	2.75	2.85	2.85	46600
2015-11-16	2.87	2.97	2.87	2.94	2.94	18900
2015-11-17	2.92	2.96	2.84	2.95	2.95	25600
2015-11-18	2.95	2.95	2.84	2.85	2.85	7700
2015-11-19	2.9	2.92	2.83	2.84	2.84	14900
2015-11-20	2.83	2.9	2.8	2.88	2.88	25300
2015-11-23	2.88	2.88	2.8	2.88	2.88	9200
2015-11-24	2.86	2.87	2.81	2.85	2.85	4300
2015-11-25	2.85	2.89	2.81	2.87	2.87	18300
2015-11-27	2.83	2.87	2.83	2.84	2.84	4700
2015-11-30	2.87	2.93	2.83	2.93	2.93	29000
2015-12-01	2.88	2.95	2.87	2.9	2.9	21800
2015-12-02	2.88	2.92	2.83	2.9	2.9	12800
2015-12-03	2.9	2.91	2.84	2.87	2.87	14900
2015-12-04	2.9	2.9	2.87	2.88	2.88	9800
2015-12-07	2.89	2.9	2.88	2.89	2.89	3700
2015-12-08	2.89	2.92	2.85	2.92	2.92	3900
2015-12-09	2.87	2.92	2.87	2.9	2.9	7000
2015-12-10	2.9	2.97	2.87	2.97	2.97	11900
2015-12-11	2.96	2.96	2.84	2.84	2.84	10000
2015-12-14	2.95	2.95	2.9	2.9	2.9	11600
2015-12-15	2.9	2.97	2.9	2.93	2.93	19900
2015-12-16	2.91	2.97	2.9	2.9	2.9	12000
2015-12-17	2.94	2.96	2.9	2.92	2.92	11900
2015-12-18	2.97	2.97	2.9	2.9	2.9	11400
2015-12-21	2.95	2.97	2.91	2.94	2.94	3100
2015-12-22	2.93	2.93	2.93	2.93	2.93	500
2015-12-23	2.94	2.97	2.94	2.95	2.95	5400
2015-12-24	2.97	2.97	2.96	2.97	2.97	1200
2015-12-28	2.92	3.05	2.92	3.0	3.0	32100
2015-12-29	3.01	3.06	3.0	3.03	3.03	18000
2015-12-30	3.0	3.05	3.0	3.05	3.05	33000
2015-12-31	3.0	3.09	2.92	3.02	3.02	15600
2016-01-04	2.97	3.05	2.95	3.0	3.0	10000
2016-01-05	3.02	3.09	3.01	3.09	3.09	12700
2016-01-06	3.01	3.12	3.01	3.03	3.03	30400
2016-01-07	3.01	3.01	2.97	2.97	2.97	7700
2016-01-08	2.97	3.0	2.95	2.99	2.99	6500
2016-01-11	3.01	3.03	2.95	2.97	2.97	11400
2016-01-12	2.95	3.1	2.92	3.05	3.05	23900
2016-01-13	3.0	3.01	2.8	2.81	2.81	30300
2016-01-14	2.8	2.92	2.8	2.89	2.89	2700
2016-01-15	2.89	2.91	2.8	2.8	2.8	7000
2016-01-19	2.85	2.87	2.74	2.75	2.75	6400
2016-01-20	2.7	2.8	2.66	2.68	2.68	109000
2016-01-21	2.75	2.89	2.72	2.72	2.72	17700
2016-01-22	2.84	2.91	2.78	2.78	2.78	28500
2016-01-25	2.85	2.91	2.77	2.9	2.9	7500
2016-01-26	2.85	2.93	2.85	2.88	2.88	25600
2016-01-27	2.85	2.96	2.79	2.8	2.8	6600
2016-01-28	2.91	2.91	2.75	2.78	2.78	23700
2016-01-29	2.83	2.97	2.8	2.8	2.8	35800
2016-02-01	2.84	2.9	2.81	2.89	2.89	33000
2016-02-02	2.9	2.99	2.85	2.96	2.96	9000
2016-02-03	2.89	3.05	2.89	3.03	3.03	51000
2016-02-04	3.05	3.12	3.02	3.1	3.1	116400
2016-02-05	3.12	3.22	3.07	3.17	3.17	26300
2016-02-08	3.22	3.22	3.03	3.04	3.04	5200
2016-02-09	3.03	3.13	3.0	3.12	3.12	11700
2016-02-10	3.08	3.25	3.04	3.05	3.05	6700
2016-02-11	3.05	3.15	3.04	3.08	3.08	3000
2016-02-12	3.08	3.19	3.04	3.17	3.17	5400
2016-02-16	3.03	3.23	3.0	3.22	3.22	10300
2016-02-17	3.14	3.19	3.05	3.15	3.15	15400
2016-02-18	3.16	3.16	3.05	3.1	3.1	10700
2016-02-19	3.06	3.19	3.06	3.06	3.06	4800
2016-02-22	3.18	3.19	3.13	3.13	3.13	4300
2016-02-23	3.16	3.18	3.15	3.16	3.16	6200
2016-02-24	3.18	3.2	3.17	3.17	3.17	15700
2016-02-25	3.14	3.2	3.1	3.14	3.14	4200
2016-02-26	3.11	3.19	3.1	3.15	3.15	4200
2016-02-29	3.17	3.34	3.11	3.2	3.2	64000
2016-03-01	3.26	3.36	3.19	3.3	3.3	35400
2016-03-02	3.33	3.4	3.25	3.35	3.35	58800
2016-03-03	3.35	3.38	3.25	3.28	3.28	59600
2016-03-04	3.32	3.71	3.26	3.31	3.31	83900
2016-03-07	3.37	3.48	3.28	3.31	3.31	47900
2016-03-08	3.35	3.42	3.22	3.22	3.22	85100
2016-03-09	3.58	3.71	3.31	3.37	3.37	56200
2016-03-10	3.45	3.49	3.36	3.45	3.45	46800
2016-03-11	3.48	3.48	3.24	3.25	3.25	40600
2016-03-14	3.41	3.42	3.28	3.35	3.35	37500
2016-03-15	3.37	3.57	3.31	3.42	3.42	83400
2016-03-16	3.45	3.46	3.32	3.33	3.33	47600
2016-03-17	3.38	3.57	3.27	3.49	3.49	90400
2016-03-18	3.55	3.62	3.45	3.59	3.59	63700
2016-03-21	3.59	3.64	3.45	3.63	3.63	67000
2016-03-22	3.6	3.63	3.51	3.6	3.6	28600
2016-03-23	3.59	3.69	3.57	3.6	3.6	70200
2016-03-24	3.62	3.74	3.45	3.57	3.57	130200
2016-03-28	3.61	3.69	3.49	3.63	3.63	94700
2016-03-29	3.65	3.75	3.53	3.65	3.65	50700
2016-03-30	3.67	3.72	3.58	3.61	3.61	29100
2016-03-31	3.63	3.69	3.52	3.52	3.52	61900
2016-04-01	3.54	3.61	3.48	3.49	3.49	62400
2016-04-04	3.51	3.58	3.45	3.47	3.47	50700
2016-04-05	3.5	3.5	3.3	3.35	3.35	54700
2016-04-06	3.35	3.4	3.33	3.35	3.35	58100
2016-04-07	3.35	3.41	3.35	3.37	3.37	84400
2016-04-08	3.36	3.41	3.15	3.18	3.18	99700
2016-04-11	3.2	3.39	3.18	3.31	3.31	133700
2016-04-12	3.34	3.34	3.15	3.2	3.2	46200
2016-04-13	3.28	3.28	3.2	3.26	3.26	40900
2016-04-14	3.31	3.31	3.19	3.19	3.19	31100
2016-04-15	3.22	3.27	3.17	3.17	3.17	41200
2016-04-18	3.2	3.25	3.12	3.12	3.12	44400
2016-04-19	3.17	3.47	3.17	3.47	3.47	120700
2016-04-20	3.46	3.46	3.26	3.4	3.4	75800
2016-04-21	3.38	3.49	3.38	3.42	3.42	60800
2016-04-22	3.4	3.49	3.34	3.44	3.44	33400
2016-04-25	3.43	3.62	3.41	3.6	3.6	69000
2016-04-26	3.56	3.64	3.5	3.56	3.56	30000
2016-04-27	3.52	3.64	3.5	3.56	3.56	42600
2016-04-28	3.64	3.64	3.5	3.57	3.57	28800
2016-04-29	3.54	3.6	3.42	3.6	3.6	25800
2016-05-02	3.51	3.59	3.37	3.39	3.39	58000
2016-05-03	3.4	3.4	3.25	3.34	3.34	45400
2016-05-04	3.31	3.38	3.25	3.25	3.25	59000
2016-05-05	3.35	3.47	3.27	3.35	3.35	55500
2016-05-06	3.35	3.38	3.27	3.31	3.31	49300
2016-05-09	3.44	3.51	3.31	3.46	3.46	53000
2016-05-10	3.53	3.67	3.41	3.65	3.65	142600
2016-05-11	3.45	3.56	3.27	3.42	3.42	136300
2016-05-12	3.5	3.5	3.34	3.38	3.38	60000
2016-05-13	3.4	3.47	3.36	3.42	3.42	39500
2016-05-16	3.44	3.44	3.27	3.28	3.28	52300
2016-05-17	3.27	3.34	3.23	3.32	3.32	62800
2016-05-18	3.27	3.35	3.2	3.26	3.26	187300
2016-05-19	3.25	3.31	3.21	3.3	3.3	78600
2016-05-20	3.31	3.33	3.22	3.26	3.26	21600
2016-05-23	3.15	3.25	3.07	3.15	3.15	128700
2016-05-24	3.11	3.19	3.0	3.1	3.1	102900
2016-05-25	3.09	3.16	2.95	3.16	3.16	69300
2016-05-26	3.14	3.14	2.99	3.05	3.05	25100
2016-05-27	3.05	3.1	2.95	3.01	3.01	39400
2016-05-31	3.0	3.11	3.0	3.03	3.03	34100
2016-06-01	3.03	3.07	3.0	3.07	3.07	10200
2016-06-02	3.07	3.07	3.0	3.0	3.0	4900
2016-06-03	3.01	3.01	2.81	2.9	2.9	59800
2016-06-06	2.88	2.89	2.69	2.87	2.87	68200
2016-06-07	2.8	2.88	2.71	2.86	2.86	29100
2016-06-08	2.93	2.93	2.81	2.86	2.86	64000
2016-06-09	2.89	2.9	2.79	2.85	2.85	25900
2016-06-10	2.85	2.85	2.76	2.85	2.85	41600
2016-06-13	2.77	2.79	2.65	2.74	2.74	81000
2016-06-14	2.7	2.77	2.7	2.73	2.73	55800
2016-06-15	2.89	3.07	2.7	2.78	2.78	36200
2016-06-16	2.71	2.83	2.71	2.79	2.79	41300
2016-06-17	2.73	2.84	2.73	2.74	2.74	53900
2016-06-20	2.77	2.84	2.76	2.77	2.77	24100
2016-06-21	2.81	2.83	2.77	2.8	2.8	42600
2016-06-22	2.76	2.9	2.62	2.77	2.77	121600
2016-06-23	2.77	2.82	2.61	2.7	2.7	48300
2016-06-24	2.71	2.71	2.52	2.64	2.64	35500
2016-06-27	2.64	2.71	2.63	2.7	2.7	10000
2016-06-28	2.72	2.72	2.63	2.65	2.65	12800
2016-06-29	2.7	2.72	2.54	2.71	2.71	35200
2016-06-30	2.61	2.68	2.58	2.6	2.6	44900
2016-07-01	2.64	2.64	2.6	2.63	2.63	19800
2016-07-05	2.61	2.61	2.34	2.43	2.43	142400
2016-07-06	2.41	2.87	2.4	2.77	2.77	304700
2016-07-07	2.8	2.9	2.52	2.84	2.84	120000
2016-07-08	2.82	2.95	2.73	2.86	2.86	62200
2016-07-11	2.86	3.0	2.83	2.85	2.85	76000
2016-07-12	2.81	2.93	2.78	2.9	2.9	36100
2016-07-13	2.88	2.93	2.84	2.85	2.85	32500
2016-07-14	2.83	2.89	2.79	2.82	2.82	16800
2016-07-15	2.82	2.87	2.76	2.84	2.84	29500
2016-07-18	2.82	3.0	2.82	2.97	2.97	79600
2016-07-19	2.95	3.03	2.85	2.92	2.92	22200
2016-07-20	2.88	2.95	2.87	2.91	2.91	8100
2016-07-21	2.92	2.96	2.91	2.95	2.95	7800
2016-07-22	2.97	3.02	2.94	3.0	3.0	35000
2016-07-25	3.02	3.12	3.0	3.12	3.12	16200
2016-07-26	3.12	3.16	3.08	3.15	3.15	28000
2016-07-27	3.17	3.48	3.12	3.34	3.34	109100
2016-07-28	3.27	3.41	3.21	3.22	3.22	23100
2016-07-29	3.16	3.19	2.92	2.95	2.95	42600
2016-08-01	2.86	3.07	2.8	3.02	3.02	29500
2016-08-02	3.01	3.1	2.88	2.91	2.91	34000
2016-08-03	2.88	2.95	2.84	2.84	2.84	56900
2016-08-04	2.79	2.92	2.71	2.83	2.83	30700
2016-08-05	2.88	2.94	2.81	2.9	2.9	31600
2016-08-08	2.92	2.95	2.81	2.89	2.89	30200
2016-08-09	2.89	2.98	2.82	2.9	2.9	59600
2016-08-10	2.92	2.97	2.81	2.82	2.82	96900
2016-08-11	2.83	2.93	2.76	2.85	2.85	83000
2016-08-12	2.9	2.91	2.81	2.82	2.82	8400
2016-08-15	2.82	2.87	2.74	2.75	2.75	21800
2016-08-16	2.75	2.8	2.66	2.76	2.76	35900
2016-08-17	2.77	2.78	2.67	2.71	2.71	20300
2016-08-18	2.7	2.78	2.63	2.76	2.76	10500
2016-08-19	2.8	2.81	2.75	2.77	2.77	21200
2016-08-22	2.76	2.8	2.72	2.76	2.76	22300
2016-08-23	2.79	2.79	2.71	2.71	2.71	1200
2016-08-24	2.7	2.75	2.66	2.71	2.71	1900
2016-08-25	2.74	2.76	2.65	2.75	2.75	10600
2016-08-26	2.77	2.79	2.7	2.73	2.73	11700
2016-08-29	2.7	2.8	2.7	2.71	2.71	14600
2016-08-30	2.72	2.77	2.71	2.72	2.72	20900
2016-08-31	2.74	2.81	2.71	2.79	2.79	26100
2016-09-01	2.85	2.85	2.84	2.85	2.85	5500
2016-09-02	2.83	2.85	2.81	2.81	2.81	7900
2016-09-06	2.79	3.04	2.79	3.01	3.01	51600
2016-09-07	2.98	2.98	2.8	2.83	2.83	72000
2016-09-08	2.79	2.9	2.79	2.9	2.9	11600
2016-09-09	2.92	2.98	2.85	2.88	2.88	13200
2016-09-12	2.84	2.95	2.83	2.9	2.9	12900
2016-09-13	2.87	2.92	2.85	2.89	2.89	17900
2016-09-14	2.91	2.91	2.81	2.84	2.84	39100
2016-09-15	2.82	2.84	2.7	2.71	2.71	50300
2016-09-16	2.72	2.78	2.72	2.72	2.72	29100
2016-09-19	2.77	2.88	2.75	2.81	2.81	36000
2016-09-20	2.8	2.84	2.75	2.75	2.75	4800
2016-09-21	2.78	2.78	2.69	2.7	2.7	24300
2016-09-22	2.66	2.79	2.65	2.73	2.73	21200
2016-09-23	2.68	2.73	2.67	2.68	2.68	30500
2016-09-26	2.69	2.71	2.67	2.68	2.68	20500
2016-09-27	2.7	2.73	2.69	2.7	2.7	97300
2016-09-28	2.74	2.74	2.71	2.71	2.71	3400
2016-09-29	2.73	2.75	2.73	2.73	2.73	6700
2016-09-30	2.74	2.78	2.73	2.78	2.78	3900
2016-10-03	2.76	2.8	2.75	2.75	2.75	10300
2016-10-04	2.76	2.76	2.7	2.74	2.74	14800
2016-10-05	2.67	2.74	2.67	2.74	2.74	4800
2016-10-06	2.71	2.77	2.7	2.75	2.75	19900
2016-10-07	2.76	2.76	2.68	2.75	2.75	4400
2016-10-10	2.75	2.75	2.53	2.6	2.6	48900
2016-10-11	2.59	2.68	2.57	2.68	2.68	24400
2016-10-12	2.62	2.66	2.6	2.65	2.65	10900
2016-10-13	2.65	2.7	2.56	2.57	2.57	8100
2016-10-14	2.64	2.64	2.51	2.53	2.53	29900
2016-10-17	2.55	2.6	2.5	2.55	2.55	17500
2016-10-18	2.6	2.6	2.55	2.58	2.58	23800
2016-10-19	2.65	2.7	2.6	2.65	2.65	13400
2016-10-20	2.75	2.75	2.5	2.5	2.5	128800
2016-10-21	2.5	2.6	2.5	2.55	2.55	15800
2016-10-24	2.6	2.6	2.5	2.55	2.55	4600
2016-10-25	2.55	2.55	2.45	2.55	2.55	20800
2016-10-26	2.55	2.55	2.45	2.5	2.5	12500
2016-10-27	2.45	2.6	2.4	2.5	2.5	73900
2016-10-28	2.55	2.55	2.5	2.53	2.53	17900
2016-10-31	2.6	2.6	2.5	2.55	2.55	19500
2016-11-01	2.55	2.7	2.5	2.7	2.7	23200
2016-11-02	2.7	2.75	2.65	2.7	2.7	14800
2016-11-03	2.65	2.68	2.55	2.55	2.55	7900
2016-11-04	2.65	2.65	2.6	2.6	2.6	10500
2016-11-07	2.55	2.55	1.55	1.6	1.6	814300
2016-11-08	1.75	2.0	1.65	1.78	1.78	446100
2016-11-09	1.76	1.95	1.6	1.8	1.8	248500
2016-11-10	1.8	1.9	1.7	1.8	1.8	81600
2016-11-11	1.8	1.95	1.6	1.9	1.9	360500
2016-11-14	1.85	1.9	1.73	1.8	1.8	69600
2016-11-15	1.75	1.95	1.75	1.85	1.85	48900
2016-11-16	1.95	2.0	1.85	1.9	1.9	38100
2016-11-17	1.85	1.9	1.7	1.8	1.8	131900
2016-11-18	1.8	1.85	1.75	1.8	1.8	41000
2016-11-21	1.7	2.0	1.7	1.95	1.95	56200
2016-11-22	1.95	2.05	1.85	1.9	1.9	160200
2016-11-23	1.85	1.9	1.85	1.9	1.9	9400
2016-11-25	1.9	1.95	1.8	1.95	1.95	43500
2016-11-28	1.95	1.95	1.7	1.75	1.75	104000
2016-11-29	1.7	1.83	1.7	1.75	1.75	29000
2016-11-30	1.75	1.8	1.65	1.75	1.75	124600
2016-12-01	1.75	1.8	1.7	1.75	1.75	31100
2016-12-02	1.8	1.85	1.75	1.85	1.85	42800
2016-12-05	1.8	1.9	1.8	1.85	1.85	77300
2016-12-06	1.8	1.95	1.75	1.9	1.9	79000
2016-12-07	1.9	1.9	1.8	1.9	1.9	35000
2016-12-08	1.85	1.9	1.78	1.85	1.85	29100
2016-12-09	1.85	1.95	1.84	1.9	1.9	39700
2016-12-12	2.15	2.2	1.9	1.95	1.95	208000
2016-12-13	2.1	2.15	2.05	2.15	2.15	133900
2016-12-14	2.15	2.35	2.15	2.35	2.35	73900
2016-12-15	2.35	2.4	2.25	2.35	2.35	187800
2016-12-16	2.35	2.35	2.25	2.35	2.35	133100
2016-12-19	2.4	2.4	2.2	2.25	2.25	71200
2016-12-20	2.3	2.4	2.25	2.25	2.25	108900
2016-12-21	2.25	2.35	2.25	2.35	2.35	50900
2016-12-22	2.3	2.35	2.3	2.35	2.35	9800
2016-12-23	2.35	2.35	2.25	2.3	2.3	18500
2016-12-27	2.25	2.35	2.25	2.35	2.35	261600
2016-12-28	2.3	2.38	2.3	2.35	2.35	471300
2016-12-29	2.35	2.4	2.33	2.4	2.4	302800
2016-12-30	2.35	2.55	2.3	2.55	2.55	450200
2017-01-03	2.6	2.6	2.35	2.45	2.45	35400
2017-01-04	2.4	2.5	2.4	2.4	2.4	7800
2017-01-05	2.45	2.5	2.35	2.45	2.45	49300
2017-01-06	2.44	2.44	2.35	2.35	2.35	16500
2017-01-09	2.35	2.4	2.35	2.4	2.4	5800
2017-01-10	2.35	2.4	2.3	2.35	2.35	6900
2017-01-11	2.3	2.35	2.3	2.3	2.3	6900
2017-01-12	2.3	2.3	2.2	2.2	2.2	54600
2017-01-13	2.2	2.3	2.15	2.2	2.2	86700
2017-01-17	2.2	2.2	2.1	2.1	2.1	34700
2017-01-18	2.05	2.15	2.0	2.05	2.05	81000
2017-01-19	2.0	2.1	2.0	2.0	2.0	119100
2017-01-20	2.1	2.15	2.0	2.1	2.1	75600
2017-01-23	2.15	2.45	2.15	2.4	2.4	30600
2017-01-24	2.4	2.4	2.3	2.3	2.3	13100
2017-01-25	2.35	2.4	2.3	2.35	2.35	12300
2017-01-26	2.3	2.35	2.3	2.3	2.3	8100
2017-01-27	2.3	2.33	2.3	2.3	2.3	27400
2017-01-30	2.3	2.35	2.3	2.35	2.35	3700
2017-01-31	2.3	2.3	2.25	2.3	2.3	10600
2017-02-01	2.25	2.38	2.25	2.35	2.35	86300
2017-02-02	2.35	2.35	2.3	2.35	2.35	41700
2017-02-03	2.3	2.4	2.3	2.35	2.35	24500
2017-02-06	2.36	2.4	2.35	2.38	2.38	48900
2017-02-07	2.4	2.45	2.4	2.4	2.4	38300
2017-02-08	2.35	2.42	2.35	2.4	2.4	93200
2017-02-09	2.4	2.45	2.4	2.4	2.4	41200
2017-02-10	2.4	2.45	2.35	2.35	2.35	25500
2017-02-13	2.4	2.5	2.4	2.4	2.4	43600
2017-02-14	2.45	2.45	2.3	2.33	2.33	23700
2017-02-15	2.4	2.45	2.35	2.4	2.4	25500
2017-02-16	2.45	2.45	2.4	2.4	2.4	64900
2017-02-17	2.4	2.45	2.3	2.35	2.35	127700
2017-02-21	2.4	2.4	2.31	2.4	2.4	1400
2017-02-22	2.35	2.45	2.25	2.25	2.25	77600
2017-02-23	2.32	2.32	2.25	2.3	2.3	18900
2017-02-24	2.3	2.35	2.3	2.3	2.3	17100
2017-02-27	2.35	2.35	2.25	2.3	2.3	28300
2017-02-28	2.3	2.3	2.15	2.2	2.2	20200
2017-03-01	2.25	2.3	2.2	2.25	2.25	98200
2017-03-02	2.25	2.3	2.25	2.3	2.3	38700
2017-03-03	2.25	2.3	2.25	2.3	2.3	1200
2017-03-06	2.35	2.35	2.2	2.25	2.25	35700
2017-03-07	2.25	2.25	2.15	2.2	2.2	21200
2017-03-08	2.15	2.25	2.15	2.2	2.2	14100
2017-03-09	2.2	2.2	2.15	2.2	2.2	400
2017-03-10	2.17	2.2	2.15	2.15	2.15	9500
2017-03-13	2.15	2.25	2.05	2.2	2.2	43100
2017-03-14	2.25	2.25	2.1	2.15	2.15	26600
2017-03-15	2.2	2.2	2.15	2.15	2.15	18600
2017-03-16	2.15	2.2	2.15	2.15	2.15	1200
2017-03-17	2.2	2.25	2.2	2.25	2.25	15200
2017-03-20	2.25	2.25	2.2	2.23	2.23	1500
2017-03-21	2.25	2.25	2.2	2.2	2.2	16000
2017-03-22	2.2	2.2	2.05	2.1	2.1	73900
2017-03-23	2.05	2.15	2.05	2.1	2.1	25000
2017-03-24	2.15	2.2	2.1	2.17	2.17	122400
2017-03-27	2.15	2.25	2.13	2.2	2.2	84700
2017-03-28	2.2	2.25	2.15	2.2	2.2	50000
2017-03-29	2.24	2.3	2.23	2.25	2.25	24600
2017-03-30	2.3	2.3	2.2	2.25	2.25	7600
2017-03-31	2.27	2.3	2.27	2.3	2.3	2200
2017-04-03	2.25	2.3	2.25	2.3	2.3	3900
2017-04-04	2.25	2.3	2.15	2.2	2.2	31200
2017-04-05	2.25	2.25	2.15	2.2	2.2	800
2017-04-06	2.2	2.3	2.16	2.3	2.3	14100
2017-04-07	2.25	2.3	2.2	2.2	2.2	19000
2017-04-10	2.2	2.3	2.2	2.25	2.25	1600
2017-04-11	2.2	2.3	2.15	2.15	2.15	32200
2017-04-12	2.15	2.2	2.13	2.17	2.17	23200
2017-04-13	2.17	2.2	2.1	2.1	2.1	18300
2017-04-17	2.15	2.2	2.1	2.2	2.2	63800
2017-04-18	2.1	2.2	2.1	2.2	2.2	5400
2017-04-19	2.2	2.2	2.1	2.2	2.2	37900
2017-04-20	2.15	2.2	2.1	2.15	2.15	2500
2017-04-21	2.15	2.2	2.15	2.15	2.15	25700
2017-04-24	2.15	2.2	2.15	2.2	2.2	4300
2017-04-25	2.2	2.2	2.15	2.15	2.15	31900
2017-04-26	2.2	2.25	2.15	2.15	2.15	16800
2017-04-27	2.2	2.25	2.15	2.15	2.15	23900
2017-04-28	2.1	2.15	1.95	2.05	2.05	79300
2017-05-01	2.05	2.15	1.95	2.15	2.15	32900
2017-05-02	2.1	2.1	1.95	1.95	1.95	140800
2017-05-03	1.95	2.0	1.85	2.0	2.0	66100
2017-05-04	2.0	2.0	1.95	1.98	1.98	21600
2017-05-05	2.0	2.05	1.99	2.0	2.0	25600
2017-05-08	1.95	2.05	1.95	1.95	1.95	8200
2017-05-09	2.0	2.05	1.95	2.0	2.0	5000
2017-05-10	2.0	2.0	1.8	1.9	1.9	9200
2017-05-11	1.85	1.9	1.75	1.9	1.9	19800
2017-05-12	1.8	1.8	1.5	1.55	1.55	126300
2017-05-15	1.55	1.58	1.4	1.5	1.5	97700
2017-05-16	1.5	1.51	1.4	1.4	1.4	95900
2017-05-17	1.4	1.48	1.3	1.35	1.35	148700
2017-05-18	1.35	1.4	1.25	1.3	1.3	69200
2017-05-19	1.3	1.55	1.2	1.3	1.3	305900
2017-05-22	1.25	1.55	1.25	1.5	1.5	261600
2017-05-23	1.55	1.6	1.45	1.5	1.5	91100
2017-05-24	1.5	1.65	1.45	1.55	1.55	191400
2017-05-25	1.6	1.65	1.5	1.55	1.55	28600
2017-05-26	1.55	1.55	1.45	1.5	1.5	46300
2017-05-30	1.5	1.55	1.45	1.55	1.55	189900
2017-05-31	1.5	1.55	1.5	1.5	1.5	26200
2017-06-01	1.5	1.56	1.5	1.5	1.5	122600
2017-06-02	1.5	1.55	1.5	1.5	1.5	11900
2017-06-05	1.5	1.55	1.5	1.5	1.5	4800
2017-06-06	1.55	1.55	1.5	1.5	1.5	2100
2017-06-07	1.45	1.55	1.45	1.5	1.5	46100
2017-06-08	1.55	1.57	1.55	1.55	1.55	6100
2017-06-09	1.6	1.6	1.55	1.55	1.55	3800
2017-06-12	1.55	1.6	1.55	1.55	1.55	2300
2017-06-13	1.55	1.6	1.5	1.5	1.5	36700
2017-06-14	1.6	1.6	1.5	1.55	1.55	58300
2017-06-15	1.55	1.6	1.5	1.53	1.53	30100
2017-06-16	1.55	1.6	1.53	1.55	1.55	10000
2017-06-19	1.65	1.85	1.65	1.75	1.75	153200
2017-06-20	1.75	1.75	1.6	1.65	1.65	43200
2017-06-21	1.65	1.65	1.6	1.64	1.64	15100
2017-06-22	1.65	1.75	1.62	1.75	1.75	9400
2017-06-23	1.73	1.75	1.65	1.65	1.65	14300
2017-06-26	1.7	1.73	1.65	1.7	1.7	50300
2017-06-27	1.75	1.75	1.7	1.7	1.7	3900
2017-06-28	1.75	1.8	1.65	1.65	1.65	15000
2017-06-29	1.65	1.75	1.65	1.7	1.7	5100
2017-06-30	1.8	1.8	1.75	1.75	1.75	23300
2017-07-03	1.8	1.8	1.75	1.75	1.75	4100
2017-07-05	1.8	1.8	1.75	1.75	1.75	3000
2017-07-06	1.75	1.8	1.75	1.75	1.75	10900
2017-07-07	1.8	1.8	1.7	1.7	1.7	16900
2017-07-10	1.8	1.8	1.7	1.7	1.7	7900
2017-07-11	1.75	1.75	1.65	1.65	1.65	7400
2017-07-12	1.7	1.7	1.65	1.65	1.65	14400
2017-07-13	1.7	1.75	1.65	1.75	1.75	41400
2017-07-14	1.75	1.8	1.7	1.8	1.8	3900
2017-07-17	1.75	1.8	1.7	1.78	1.78	24000
2017-07-18	1.75	1.8	1.75	1.8	1.8	9000
2017-07-19	1.75	1.8	1.75	1.75	1.75	6600
2017-07-20	1.76	1.76	1.75	1.75	1.75	4400
2017-07-21	1.8	1.81	1.75	1.8	1.8	8800
2017-07-24	1.8	1.85	1.8	1.8	1.8	8200
2017-07-25	1.8	1.85	1.8	1.8	1.8	18300
2017-07-26	1.8	1.85	1.7	1.8	1.8	24100
2017-07-27	1.8	1.85	1.75	1.85	1.85	10900
2017-07-28	1.7	1.9	1.7	1.9	1.9	500
2017-07-31	1.9	1.9	1.8	1.85	1.85	20100
2017-08-01	1.8	1.85	1.8	1.8	1.8	3000
2017-08-02	1.8	1.85	1.8	1.8	1.8	8100
2017-08-03	1.9	1.9	1.8	1.8	1.8	1700
2017-08-04	1.8	1.85	1.8	1.85	1.85	8900
2017-08-07	1.9	1.9	1.85	1.9	1.9	2700
2017-08-08	1.9	1.95	1.85	1.9	1.9	29800
2017-08-09	1.9	1.95	1.8	1.8	1.8	4100
2017-08-10	1.9	1.94	1.85	1.85	1.85	14100
2017-08-11	1.88	1.9	1.8	1.9	1.9	45800
2017-08-14	1.9	1.95	1.85	1.95	1.95	113800
2017-08-15	1.95	1.95	1.9	1.95	1.95	35500
2017-08-16	1.95	1.95	1.75	1.8	1.8	210500
2017-08-17	1.84	1.85	1.8	1.8	1.8	20000
2017-08-18	1.9	1.95	1.85	1.95	1.95	16400
2017-08-21	1.9	1.9	1.85	1.9	1.9	11200
2017-08-22	1.85	1.9	1.81	1.89	1.89	13400
2017-08-23	1.85	1.9	1.8	1.8	1.8	40700
2017-08-24	1.8	1.85	1.8	1.8	1.8	7800
2017-08-25	1.8	1.9	1.8	1.9	1.9	14400
2017-08-28	1.95	1.95	1.85	1.85	1.85	60500
2017-08-29	1.9	1.92	1.85	1.92	1.92	16600
2017-08-30	1.9	1.95	1.85	1.93	1.93	12900
2017-08-31	1.95	2.02	1.9	1.9	1.9	64700
2017-09-01	1.9	2.0	1.9	1.95	1.95	2400
2017-09-05	2.0	2.0	1.9	1.95	1.95	18200
2017-09-06	2.0	2.0	1.95	2.0	2.0	40500
2017-09-07	2.0	2.0	1.95	1.98	1.98	33900
2017-09-08	2.0	2.0	2.0	2.0	2.0	1700
2017-09-11	2.0	2.05	1.95	2.05	2.05	38700
2017-09-12	2.05	2.1	2.0	2.1	2.1	42600
2017-09-13	2.09	2.1	2.08	2.1	2.1	1800
2017-09-14	2.05	2.1	2.05	2.05	2.05	3900
2017-09-15	2.1	2.1	1.75	1.75	1.75	13500
2017-09-18	2.1	2.25	1.9	2.15	2.15	58400
2017-09-19	2.3	2.3	2.16	2.19	2.19	36600
2017-09-20	2.1	2.15	2.05	2.15	2.15	38100
2017-09-21	2.1	2.15	2.1	2.1	2.1	4700
2017-09-22	2.0	2.2	2.0	2.15	2.15	43200
2017-09-25	2.0	2.13	2.0	2.1	2.1	22300
2017-09-26	2.1	2.1	2.1	2.1	2.1	1500
2017-09-27	2.1	2.2	2.1	2.2	2.2	49500
2017-09-28	2.13	2.13	2.13	2.13	2.13	300
2017-09-29	2.1	2.15	2.05	2.05	2.05	4200
2017-10-02	2.0	2.15	2.0	2.15	2.15	34400
2017-10-03	2.15	2.19	2.0	2.1	2.1	10400
2017-10-04	2.1	2.1	2.05	2.05	2.05	5900
2017-10-05	2.1	2.15	2.05	2.1	2.1	3000
2017-10-06	2.1	2.2	2.1	2.2	2.2	6600
2017-10-09	2.15	2.15	2.15	2.15	2.15	200
2017-10-10	2.11	2.11	2.11	2.11	2.11	300
2017-10-11	2.1	2.15	2.05	2.05	2.05	10800
2017-10-12	2.15	2.15	2.0	2.0	2.0	7400
2017-10-13	2.05	2.1	2.05	2.1	2.1	10400
2017-10-16	2.1	2.1	2.1	2.1	2.1	23700
2017-10-17	2.05	2.06	2.05	2.05	2.05	8700
2017-10-18	2.05	2.05	2.0	2.03	2.03	20500
2017-10-19	2.0	2.05	1.98	2.0	2.0	50000
2017-10-20	2.0	2.03	2.0	2.0	2.0	11400
2017-10-23	1.95	1.99	1.95	1.95	1.95	3000
2017-10-24	1.95	1.98	1.95	1.98	1.98	900
2017-10-25	2.0	2.05	2.0	2.02	2.02	18600
2017-10-26	2.0	2.05	2.0	2.05	2.05	5400
2017-10-27	2.0	2.05	2.0	2.05	2.05	1700
2017-10-30	2.05	2.05	2.05	2.05	2.05	0
2017-10-31	2.0	2.03	2.0	2.0	2.0	7300
2017-11-01	2.0	2.05	2.0	2.0	2.0	8500
2017-11-02	2.0	2.0	2.0	2.0	2.0	1100
2017-11-03	2.0	2.0	2.0	2.0	2.0	7800
2017-11-06	2.0	2.05	2.0	2.0	2.0	10100
2017-11-07	2.0	2.0	1.95	1.95	1.95	13800
2017-11-08	1.95	2.0	1.9	1.95	1.95	4200
2017-11-09	1.9	1.95	1.9	1.95	1.95	1700
2017-11-10	1.95	2.3	1.95	2.2	2.2	79900
2017-11-13	2.2	2.2	2.0	2.1	2.1	26800
2017-11-14	2.1	2.1	2.0	2.05	2.05	8800
2017-11-15	2.05	2.05	1.95	2.0	2.0	3700
2017-11-16	2.07	2.14	1.95	1.95	1.95	7900
2017-11-17	1.95	2.1	1.95	2.1	2.1	1100
2017-11-20	2.05	2.2	2.0	2.1	2.1	37900
2017-11-21	2.2	2.25	2.15	2.15	2.15	26900
2017-11-22	2.15	2.25	2.15	2.24	2.24	34200
2017-11-24	2.16	2.3	2.16	2.3	2.3	3400
2017-11-27	2.3	2.3	2.15	2.29	2.29	22000
2017-11-28	2.25	2.35	2.25	2.33	2.33	66400
2017-11-29	2.3	2.3	2.25	2.25	2.25	9700
2017-11-30	2.25	2.35	2.25	2.35	2.35	11300
2017-12-01	2.35	2.35	2.25	2.35	2.35	13300
2017-12-04	2.35	2.35	2.25	2.28	2.28	19700
2017-12-05	2.3	2.35	2.25	2.3	2.3	8400
2017-12-06	2.3	2.35	2.3	2.3	2.3	6700
2017-12-07	2.35	2.35	2.3	2.3	2.3	29800
2017-12-08	2.3	2.35	2.3	2.35	2.35	6000
2017-12-11	2.35	2.35	2.3	2.3	2.3	15600
2017-12-12	2.29	2.35	2.29	2.35	2.35	28500
2017-12-13	2.3	2.35	2.28	2.3	2.3	179900
2017-12-14	2.4	2.4	2.3	2.4	2.4	8300
2017-12-15	2.4	2.4	2.35	2.4	2.4	7400
2017-12-18	2.35	2.4	2.35	2.4	2.4	6000
2017-12-19	2.4	2.45	2.35	2.35	2.35	26900
2017-12-20	2.35	2.4	2.34	2.4	2.4	80900
2017-12-21	2.3	2.45	2.3	2.45	2.45	24200
2017-12-22	2.4	2.45	2.35	2.45	2.45	26000
2017-12-26	2.45	2.45	2.35	2.45	2.45	4300
2017-12-27	2.4	2.45	2.35	2.35	2.35	1300
2017-12-28	2.35	2.35	2.32	2.32	2.32	11100
2017-12-29	2.35	2.35	2.25	2.3	2.3	62600
2018-01-02	2.3	2.45	2.27	2.35	2.35	7300
2018-01-03	2.45	2.45	2.31	2.35	2.35	8100
2018-01-04	2.38	2.45	2.38	2.4	2.4	12200
2018-01-05	2.35	2.4	2.35	2.36	2.36	16100
2018-01-08	2.3	2.4	2.3	2.4	2.4	1100
2018-01-09	2.4	2.4	2.39	2.4	2.4	19700
2018-01-10	2.38	2.4	2.38	2.38	2.38	7700
2018-01-11	2.35	2.4	2.35	2.36	2.36	3500
2018-01-12	2.35	2.4	2.35	2.38	2.38	3300
2018-01-16	2.4	2.4	2.35	2.4	2.4	31000
2018-01-17	2.35	2.4	2.35	2.37	2.37	6400
2018-01-18	2.4	2.4	2.35	2.35	2.35	7200
2018-01-19	2.35	2.4	2.3	2.35	2.35	31400
2018-01-22	2.4	2.44	2.35	2.4	2.4	112200
2018-01-23	2.45	2.45	2.31	2.4	2.4	8700
2018-01-24	2.35	2.4	2.35	2.4	2.4	300
2018-01-25	2.45	2.45	2.35	2.35	2.35	4800
2018-01-26	2.36	2.4	2.35	2.4	2.4	700
2018-01-29	2.35	2.38	2.3	2.38	2.38	106800
2018-01-30	2.35	2.4	2.35	2.4	2.4	1400
2018-01-31	2.3	2.4	2.3	2.3	2.3	11100
2018-02-01	2.3	2.3	2.3	2.3	2.3	0
2018-02-02	2.3	2.38	2.3	2.35	2.35	3400
2018-02-05	2.3	2.4	2.3	2.3	2.3	11400
2018-02-06	2.3	2.3	2.23	2.25	2.25	7500
2018-02-07	2.3	2.3	2.26	2.26	2.26	1200
2018-02-08	2.25	2.25	2.25	2.25	2.25	600
2018-02-09	2.25	2.25	2.2	2.2	2.2	3600
2018-02-12	2.2	2.25	2.2	2.2	2.2	14500
2018-02-13	2.2	2.3	2.2	2.3	2.3	2600
2018-02-14	2.25	2.35	2.25	2.35	2.35	7900
2018-02-15	2.3	2.35	2.25	2.34	2.34	10800
2018-02-16	2.35	2.35	2.25	2.25	2.25	900
2018-02-20	2.25	2.3	2.25	2.28	2.28	3500
2018-02-21	2.25	2.25	2.25	2.25	2.25	2000
2018-02-22	2.25	2.28	2.25	2.28	2.28	2300
2018-02-23	2.3	2.3	2.3	2.3	2.3	4300
2018-02-26	2.25	2.3	2.25	2.3	2.3	1200
2018-02-27	2.25	2.28	2.25	2.25	2.25	1900
2018-02-28	2.25	2.27	2.25	2.25	2.25	2300
2018-03-01	2.25	2.28	2.25	2.25	2.25	9600
2018-03-02	2.25	2.3	2.25	2.3	2.3	6300
2018-03-05	2.3	2.3	2.25	2.25	2.25	5600
2018-03-06	2.25	2.3	2.25	2.25	2.25	4600
2018-03-07	2.35	2.35	2.25	2.25	2.25	3600
2018-03-08	2.25	2.3	2.23	2.23	2.23	88100
2018-03-09	2.2	2.25	2.2	2.2	2.2	7700
2018-03-12	2.3	2.3	2.2	2.2	2.2	18000
2018-03-13	2.25	2.4	2.25	2.36	2.36	20800
2018-03-14	2.3	2.5	2.25	2.35	2.35	265900
2018-03-15	2.4	2.45	2.35	2.45	2.45	107600
2018-03-16	2.45	2.45	2.35	2.4	2.4	34700
2018-03-19	2.35	2.5	2.35	2.4	2.4	18600
2018-03-20	2.35	2.45	2.35	2.4	2.4	7700
2018-03-21	2.4	2.4	2.35	2.35	2.35	35000
2018-03-22	2.35	2.4	2.35	2.4	2.4	6100
2018-03-23	2.4	2.4	2.35	2.4	2.4	31900
2018-03-26	2.4	2.45	2.4	2.4	2.4	223500
2018-03-27	2.45	2.6	2.45	2.58	2.58	55700
2018-03-28	2.6	2.8	2.59	2.8	2.8	45000
2018-03-29	2.8	2.9	2.75	2.9	2.9	58200
2018-04-02	2.95	2.95	2.85	2.85	2.85	11000
2018-04-03	2.9	2.9	2.75	2.75	2.75	30100
2018-04-04	2.75	2.8	2.75	2.8	2.8	4700
2018-04-05	2.75	2.8	2.75	2.8	2.8	7100
2018-04-06	2.85	2.85	2.82	2.85	2.85	4100
2018-04-09	2.85	2.85	2.8	2.81	2.81	7000
2018-04-10	2.85	2.85	2.75	2.8	2.8	21600
2018-04-11	2.8	2.8	2.75	2.75	2.75	1500
2018-04-12	2.75	2.76	2.7	2.7	2.7	23400
2018-04-13	2.75	2.75	2.7	2.75	2.75	13800
2018-04-16	2.75	2.75	2.7	2.75	2.75	25000
2018-04-17	2.75	2.75	2.45	2.75	2.75	17900
2018-04-18	2.75	2.75	2.65	2.65	2.65	107600
2018-04-19	2.55	2.7	2.55	2.6	2.6	18500
2018-04-20	2.65	2.75	2.65	2.7	2.7	6000
2018-04-23	2.6	2.75	2.6	2.75	2.75	7600
2018-04-24	2.74	2.75	2.7	2.75	2.75	10700
2018-04-25	2.8	2.9	2.7	2.9	2.9	5600
2018-04-26	2.9	2.9	2.85	2.85	2.85	8900
2018-04-27	2.85	2.85	2.75	2.8	2.8	14000
2018-04-30	2.75	2.8	2.75	2.76	2.76	1800
2018-05-01	2.75	2.8	2.7	2.75	2.75	4900
2018-05-02	2.7	2.75	2.65	2.7	2.7	6000
2018-05-03	2.64	2.64	2.56	2.56	2.56	2200
2018-05-04	2.55	2.65	2.55	2.55	2.55	3500
2018-05-07	2.55	2.6	2.55	2.55	2.55	9700
2018-05-08	2.6	2.65	2.6	2.65	2.65	1200
2018-05-09	2.6	2.7	2.55	2.65	2.65	902000
2018-05-10	2.6	2.85	2.59	2.75	2.75	38900
2018-05-11	2.7	2.85	2.7	2.85	2.85	18200
2018-05-14	2.85	2.85	2.79	2.8	2.8	56700
2018-05-15	2.8	2.88	2.8	2.85	2.85	34400
2018-05-16	2.8	2.94	2.8	2.8	2.8	82900
2018-05-17	2.85	2.95	2.82	2.9	2.9	44000
2018-05-18	2.95	2.95	2.85	2.85	2.85	32300
2018-05-21	2.85	2.95	2.85	2.9	2.9	14400
2018-05-22	2.95	3.05	2.95	3.0	3.0	57900
2018-05-23	3.05	3.1	3.0	3.05	3.05	126700
2018-05-24	3.1	3.15	3.05	3.1	3.1	46900
2018-05-25	3.15	3.15	3.07	3.1	3.1	6600
2018-05-29	3.15	3.2	3.12	3.15	3.15	61600
2018-05-30	3.2	3.2	3.15	3.15	3.15	42800
2018-05-31	3.15	3.25	3.15	3.25	3.25	18500
2018-06-01	3.3	3.3	3.19	3.25	3.25	79900
2018-06-04	3.3	3.3	3.2	3.2	3.2	63600
2018-06-05	3.15	3.25	3.15	3.15	3.15	17800
2018-06-06	3.25	3.3	3.15	3.15	3.15	14100
2018-06-07	3.15	3.2	3.1	3.15	3.15	16800
2018-06-08	3.1	3.2	3.1	3.1	3.1	8100
2018-06-11	3.1	3.18	3.1	3.15	3.15	28000
2018-06-12	3.15	3.15	3.0	3.05	3.05	569000
2018-06-13	3.05	3.1	3.05	3.1	3.1	8200
2018-06-14	3.0	3.1	3.0	3.05	3.05	187800
2018-06-15	3.05	3.1	3.05	3.05	3.05	16600
2018-06-18	3.1	3.23	3.1	3.15	3.15	85900
2018-06-19	3.2	3.25	3.1	3.1	3.1	78800
2018-06-20	3.1	3.25	3.09	3.2	3.2	49100
2018-06-21	3.2	3.25	3.2	3.25	3.25	22000
2018-06-22	3.25	3.3	3.21	3.3	3.3	46000
2018-06-25	3.4	3.4	3.3	3.4	3.4	19100
2018-06-26	3.5	3.55	3.45	3.45	3.45	42600
2018-06-27	3.45	3.5	3.36	3.45	3.45	31000
2018-06-28	3.35	3.48	3.3	3.48	3.48	147000
2018-06-29	3.45	3.55	3.43	3.55	3.55	115400
2018-07-02	3.55	3.55	3.5	3.5	3.5	50300
2018-07-03	3.5	3.6	3.5	3.6	3.6	42600
2018-07-05	3.55	3.6	3.5	3.5	3.5	95000
2018-07-06	3.6	3.6	3.5	3.55	3.55	116000
2018-07-09	3.6	3.6	3.55	3.55	3.55	19700
2018-07-10	3.6	3.6	3.45	3.45	3.45	16500
2018-07-11	3.45	3.5	3.4	3.45	3.45	31700
2018-07-12	3.45	3.5	3.35	3.45	3.45	19600
2018-07-13	3.4	3.45	3.35	3.35	3.35	18900
2018-07-16	3.4	3.5	3.35	3.4	3.4	5500
2018-07-17	3.45	3.45	3.25	3.28	3.28	24000
2018-07-18	3.25	3.35	3.25	3.3	3.3	5700
2018-07-19	3.3	3.35	3.2	3.3	3.3	9600
2018-07-20	3.3	3.3	3.15	3.2	3.2	76500
2018-07-23	3.25	3.3	3.25	3.3	3.3	11000
2018-07-24	3.3	3.3	3.1	3.1	3.1	38100
2018-07-25	3.1	3.25	3.05	3.15	3.15	15700
2018-07-26	3.16	3.2	3.15	3.15	3.15	20700
2018-07-27	3.05	3.25	3.05	3.15	3.15	4800
2018-07-30	3.05	3.15	3.05	3.1	3.1	13100
2018-07-31	3.1	3.1	3.05	3.05	3.05	1500
2018-08-01	3.07	3.35	3.05	3.05	3.05	18300
2018-08-02	3.05	3.05	3.0	3.0	3.0	29400
2018-08-03	2.95	3.28	2.95	3.1	3.1	96100
2018-08-06	3.15	3.35	3.1	3.15	3.15	37800
2018-08-07	3.15	3.34	3.15	3.3	3.3	26600
2018-08-08	3.25	3.3	3.18	3.25	3.25	46600
2018-08-09	3.3	3.35	3.25	3.25	3.25	29600
2018-08-10	3.3	3.35	3.25	3.35	3.35	9500
2018-08-13	3.34	3.34	3.13	3.15	3.15	10400
2018-08-14	3.1	3.35	2.85	3.35	3.35	109400
2018-08-15	3.25	3.25	3.0	3.2	3.2	41300
2018-08-16	3.2	3.35	3.16	3.25	3.25	11100
2018-08-17	3.3	3.35	3.1	3.25	3.25	22600
2018-08-20	3.2	3.2	3.15	3.15	3.15	9000
2018-08-21	3.1	3.2	3.09	3.1	3.1	8400
2018-08-22	2.9	3.15	2.9	3.15	3.15	17200
2018-08-23	3.15	3.25	3.15	3.2	3.2	5700
2018-08-24	3.1	3.15	3.05	3.1	3.1	47000
2018-08-27	3.1	3.2	3.05	3.05	3.05	34100
2018-08-28	3.08	3.15	3.0	3.0	3.0	11900
2018-08-29	3.0	3.2	3.0	3.15	3.15	70200
2018-08-30	3.15	3.35	3.05	3.25	3.25	48400
2018-08-31	3.25	3.35	3.17	3.35	3.35	39200
